 FUNCION= (X**5-6.15_8*(X**4)+13.76_8*(X**3)-12.544_8*(X**2)+2.4576_8*X+1.6384_8)/(5_8*(X**4)-24.6_8*(X**3)+41.28_8*(X**2)-25.088_8*X+2.4576_8) 
 PUNTO INICIAL= 1.0
 NUMERO DE ITERACIONES=  91
 COTA DE ERROR=  1.0E-9
 
 ITERACION...APROXIMACION                

     1     1.32598146741685
     2     1.45347607167633
     3     1.50998772671656
     4     1.53918468192027
     5     1.55612978844510
     6     1.56682731736312
     7     1.57401497008925
     8     1.57908008939437
     9     1.58278591556632
    10     1.58558052076733
    11     1.58774110217537
    12     1.58944669219310
    13     1.59081715824318
    14     1.59193524058302
    15     1.59285956716802
    16     1.59363263460873
    17     1.59428586345985
    18     1.59484289857292
    19     1.59532181230068
    20     1.59573661375144
    21     1.59609829859526
    22     1.59641559461290
    23     1.59669550430854
    24     1.59694369944166
    25     1.59716481218994
    26     1.59736265616198
    27     1.59754039467661
    28     1.59770067325681
    29     1.59784571668489
    30     1.59797739848057
    31     1.59809731435191
    32     1.59820682563201
    33     1.59830712033123
    34     1.59839918821214
    35     1.59848391680449
    36     1.59856207062660
    37     1.59863430471561
    38     1.59870121175994
    39     1.59876331537170
    40     1.59882103738434
    41     1.59887480514183
    42     1.59892495940927
    43     1.59897181184423
    44     1.59901565179145
    45     1.59905673674180
    46     1.59909528055079
    47     1.59913153102795
    48     1.59916559531229
    49     1.59919768760864
    50     1.59922802979150
    51     1.59925663369957
    52     1.59928369412525
    53     1.59930930789068
    54     1.59933352472296
    55     1.59935644576756
    56     1.59937827619657
    57     1.59939895955718
    58     1.59941860832130
    59     1.59943733052868
    60     1.59945517911329
    61     1.59947220530643
    62     1.59948837057468
    63     1.59950388921251
    64     1.59951861975025
    65     1.59953276962061
    66     1.59954620079079
    67     1.59955895881280
    68     1.59957136644779
    69     1.59958325068259
    70     1.59959450578208
    71     1.59960527286657
    72     1.59961577952790
    73     1.59962593548957
    74     1.59963527366471
    75     1.59964444827880
    76     1.59965333377626
    77     1.59966173126617
    78     1.59967008720748
    79     1.59967800757985
    80     1.59968575886067
    81     1.59969236120176
    82     1.59969946811641
    83     1.59970602761758
    84     1.59971071937374
    85     1.59971733761044
    86     1.59972372641142
    87     1.59972986472470
    88     1.59973506144148
    89     1.59974079766369
    90     1.59974595293947
    91     1.59974595293947
