 FUNCION= X**5-6.15*(X**4)+13.76*(X**3)-12.544*(X**2)+2.4576*X+1.6384 
 PUNTO INICIAL= 1.0
 NUMERO DE ITERACIONES=  23
 COTA DE ERROR=  1.0E-9
 
 ITERACION...APROXIMACION                

     1     1.21808974977238
     2     1.34211106105874
     3     1.42242290275363
     4     1.47651472219494
     5     1.51363673601290
     6     1.53938260765623
     7     1.55735390303411
     8     1.56995029098164
     9     1.57880351775246
    10     1.58503743443745
    11     1.58943256151886
    12     1.59253399978199
    13     1.59472387877249
    14     1.59627078088678
    15     1.59736383204649
    16     1.59813632746835
    17     1.59868238361613
    18     1.59906833510571
    19     1.59934107950439
    20     1.59953321838828
    21     1.59966532217563
    22     1.59974801525825
    23     0.00000000000000
