 FUNCION= (X**5-6.15_8*(X**4)+13.76_8*(X**3)-12.544_8*(X**2)+2.4576_8*X+1.7384_8)/(5_8*(X**4)-24.6_8*(X**3)+41.28_8*(X**2)-25.088_8*X+2.4576_8) 
 PUNTO INICIAL= 1.0
 NUMERO DE ITERACIONES=  101
 COTA DE ERROR=  1.0E-9
 
 ITERACION...APROXIMACION                

     1     1.34604774642949
     2     1.37276746151918
     3     1.39278974361743
     4     1.40948836944114
     5     1.42530041021259
     6     1.45145239487013
     7     1.45626565211095
     8     1.46004780777926
     9     1.46320055850461
    10     1.46591786196589
    11     1.46831187110912
    12     1.47045451766058
    13     1.47239520566616
    14     1.47416957113980
    15     1.47580428794677
    16     1.47731990970014
    17     1.47873264953849
    18     1.48005554662090
    19     1.48129925951541
    20     1.48247262269209
    21     1.48358304714745
    22     1.48463681532502
    23     1.48563930246499
    24     1.48659514557758
    25     1.48750837438165
    26     1.48838251413390
    27     1.48922066735566
    28     1.49002557949315
    29     1.49079969218903
    30     1.49154518689003
    31     1.49226402083677
    32     1.49295795699015
    33     1.49362858908879
    34     1.49427736276448
    35     1.49490559344185
    36     1.49551448159625
    37     1.49610512582699
    38     1.49667853411297
    39     1.49723563354747
    40     1.49777727879336
    41     1.49830425945651
    42     1.49881730654002
    43     1.49931709811419
    44     1.49980426431424
    45     1.50027939175970
    46     1.50074302747425
    47     1.50119568237251
    48     1.50163783437021
    49     1.50206993116561
    50     1.50249239273327
    51     1.50290561356510
    52     1.50330996468905
    53     1.50370579549137
    54     1.50409343536508
    55     1.50447319520414
    56     1.50484536876046
    57     1.50521023387853
    58     1.50556805362082
    59     1.50591907729522
    60     1.50626354139474
    61     1.50660167045828
    62     1.50693367786023
    63     1.50725976653599
    64     1.50758012964946
    65     1.50789495120800
    66     1.50820440662985
    67     1.50850866326817
    68     1.50880788089586
    69     1.50910221215439
    70     1.50939180297001
    71     1.50967679294000
    72     1.50995731569160
    73     1.51023349921589
    74     1.51050546617862
    75     1.51077333420998
    76     1.51103721617496
    77     1.51129722042580
    78     1.51155345103798
    79     1.51180600803103
    80     1.51205498757522
    81     1.51230048218542
    82     1.51254258090276
    83     1.51278136946529
    84     1.51301693046826
    85     1.51324934351484
    86     1.51347868535788
    87     1.51370503003347
    88     1.51392844898673
    89     1.51414901119044
    90     1.51436678325698
    91     1.51458182954401
    92     1.51479421225432
    93     1.51500399153027
    94     1.51521122554304
    95     1.51541597057721
    96     1.51561828111078
    97     1.51581820989110
    98     1.51601580800674
    99     1.51621112495584
   100     1.51640420871082
   101     0.00000000000000
