 ITERACION----------------------------APROXIMACION
 
 1     -0.16666666666666665    0.014395890455411106    -0.7603981633974483
 2     -0.1666466954925578    -0.02985308326558074    -0.7605182731842347
 3     -0.1665807598184574    -0.02986132735064248    -0.7601500352339781
 4     -0.16658079557998464    -0.02983978113155719    -0.7601500648401921
 5     -0.16658091944257816    -0.029839781971101514    -0.7601502433562268
 6     -0.1665809193974808    -0.029839789723209525    -0.7601502431653837
 7     -0.166580919352973    -0.029839789712362604    -0.7601502431012032
 
 La solucion es: 
 X=  -0.166580919352973  Y=  -0.029839789712362604  Z=  -0.7601502431012032
