 DIMENSION=  4
 A= 
 1.0 1.0 0.0E+0 0.0E+0
 1.4142135623730951 5.0 1.4142135623730951 0.0E+0
 0.0E+0 1.7320508075688771 7.0 1.7320508075688771
 0.0E+0 0.0E+0 1.0 1.0
 
 B= 
    1.00000000000000
    1.41421356237310
    1.73205080756888
    0.00000000000000
 L= 
 1.0 0.0E+0 0.0E+0 0.0E+0
 1.4142135623730951 1.0 0.0E+0 0.0E+0
 0.0E+0 0.48303233828815494 1.0 0.0E+0
 0.0E+0 0.0E+0 0.15830577070710777 1.0
 U= 
 1.0 1.0 0.0E+0 0.0E+0
 0.0E+0 3.585786437626905 1.4142135623730951 0.0E+0
 0.0E+0 0.0E+0 6.316889116128102 1.7320508075688771
 0.0E+0 0.0E+0 0.0E+0 0.7258063620039406
 
 La solucion es X= 
    1.14899345143680
   -0.14899345143680
    0.37777794787995
   -0.37777794787995
