 FUNCION= X**5-6.15*(X**4)+13.76*(X**3)-12.544*(X**2)+2.4576*X+1.6384
 PUNTO INICIAL=  1.0
 NUMERO DE ITERACIONES=  28
 COTA DE ERROR=  1.0E-9
 
 ITERACION...APROXIMACION                

     1     1.17045454545454
     2     1.28662326423036
     3     1.36917638954794
     4     1.42901487886319
     5     1.47287787340794
     6     1.50525565168800
     7     1.52926574002515
     8     1.54712682070501
     9     1.56044305962440
    10     1.57038660964078
    11     1.57782018891159
    12     1.58338201421186
    13     1.58754594612062
    14     1.59066474405915
    15     1.59300151916419
    16     1.59475279849372
    17     1.59606553277657
    18     1.59704967092517
    19     1.59778756464411
    20     1.59834074806314
    21     1.59875577592116
    22     1.59906621104078
    23     1.59929952128278
    24     1.59947394568661
    25     1.59959951481995
    26     1.59968409180884
    27     1.59977071244283
    28     0.00000000000000
