 FUNCION= (X**5-6.15_8*(X**4)+13.76_8*(X**3)-12.544_8*(X**2)+2.4576_8*X+1.7384_8)/(5_8*(X**4)-24.6_8*(X**3)+41.28_8*(X**2)-25.088_8*X+2.4576_8) 
 PUNTO INICIAL= 1.0
 NUMERO DE ITERACIONES=  79
 COTA DE ERROR=  1.0E-9
 
 ITERACION...APROXIMACION                

     1    -3.23449897149619
     2     0.86595431916065
     3     2.23037119776271
     4    -4.76056945284419
     5     0.98531790386950
     6   -10.27100541816799
     7     1.11950341314904
     8     0.62892487027786
     9     1.28735465486546
    10     1.14814908274845
    11     0.77368340150752
    12     1.68795858705438
    13     1.71678413918804
    14     1.75496960109845
    15     1.80580972549375
    16     1.87496083198511
    17     1.97644335608243
    18     2.17305284781916
    19     4.83607304661124
    20     1.42699245141289
    21     1.36542281239296
    22     1.27629400696284
    23     1.12755653632397
    24     0.67448041987311
    25     1.39599552429507
    26     1.32134190767360
    27     1.20700704793553
    28     0.97258120868384
    29    35.62742209683947
    30     1.26034860458418
    31     1.09629178119871
    32     0.46714432413587
    33     0.92123795154874
    34     3.29091966935964
    35     1.47050239885806
    36     1.42561920393677
    37     1.36349554274355
    38     1.27338594891368
    39     1.12200131924415
    40     0.64353511244290
    41     1.32141778636923
    42     1.20713222446973
    43     0.97291753264834
    44    39.63894089618260
    45     1.25731428354077
    46     1.09010436036147
    47     0.41387075396555
    48     0.79735685949303
    49     1.78359002642619
    50     1.84442179844440
    51     1.93002126651380
    52     2.07170019879635
    53     2.54623469327971
    54     1.30628644169089
    55     1.18166281418557
    56     0.89818835895087
    57     2.67307952165543
    58     1.39095991786874
    59     1.31404666038658
    60     1.19485608515096
    61     0.93857069987279
    62     4.24493934026094
    63     1.44645949537333
    64     1.39254272987082
    65     1.31634441938963
    66     1.19870851598640
    67     0.94965748585430
    68     5.50976613248034
    69     1.40740766840708
    70     1.33772419543599
    71     1.23350774364803
    72     1.03840927336000
    73    -0.41441845959697
    74    -0.21508381059565
    75    -0.25421648952912
    76    -0.25834699923721
    77    -0.25838412790078
    78    -0.25838413083566
    79    -0.25838413083566
