 ITERACION----------------------------APROXIMACION
 
 1     -0.16666666666666665    -0.0315060594689783    -0.7603981633974483
 2     -0.166581316276849    -0.029819523735937367    -0.7601504156308221
 3     -0.16658091940935623    -0.029839786783349472    -0.7601502431248688
 4     -0.16658091935306576    -0.029839789709583463    -0.760150243101382
 5     -0.16658091935306573    -0.029839789709583543    -0.760150243101382
 
 La solucion es: 
 X=  -0.16658091935306573  Y=  -0.029839789709583543  Z=  -0.760150243101382
