 DIMENSION=  4
 A= 
 1.0 1.0 1.0 1.0
 1.0 2.0 2.0 2.0
 1.0 2.0 3.0 3.0
 1.0 2.0 3.0 4.0
 
 B= 
   19.00000000000000
   31.00000000000000
   37.00000000000000
   37.00000000000000
 W=  0.5
 X0= 
    0.00000000000000
    0.00000000000000
    0.00000000000000
    0.00000000000000
 
 ITERACION----------------------------APROXIMACION
 1 9.5 5.375 2.7916666666666665 1.046875
 2 9.643229166666666 6.107421875000001 3.396050347222222 1.142659505208333
 3 8.998548719618055 6.284718831380208 3.6986976906105324 1.113319820827908
 4 8.450906188399703 6.373624112870958 3.926329865867709 1.0595169089458604
 5 8.045717650357588 6.432459256439297 4.114967117921561 0.9978162648478218
 6 7.750237505574454 6.472278560441344 4.276109655460679 0.9335176833190137
 7 7.534165803176709 6.497784160036649 4.416340298862497 0.8694144641798188
 8 7.375313440048872 6.512186338484949 4.5401818978382104 0.8071782557732341
 9 7.257883473976239 6.5179422239426925 4.650873834055551 0.747790449883083
 10 7.170638483047455 6.516979349240166 4.750775495164936 0.6917797665637173
 11 7.105551936039317 6.510824059745927 4.841631188378748 0.6393781806984318
 12 7.0568592536081045 6.500692531932349 4.9247524509280244 0.5906263815671066
 13 7.020393944590312 6.487558363571031 5.00114458939173 0.5454451357951073
 14 6.9931229279162234 6.47220358721304 5.071594709741261 0.5036832889517927
 15 6.972820671005065 6.455257626508727 5.136733056390981 0.465149757826464
 16 6.957840115139447 6.437227377360779 5.197075837638757 0.4296345810660722
 17 6.946951159536919 6.418520689443745 5.253055205215608 0.3969225212741325
 18 6.939226371801718 6.399464888526573 5.305040317161594 0.36680162309461084
 19 6.933959771509471 6.380321531257816 5.353352208029308 0.3390683792831773
 20 6.9306088264695855 6.361298265355269 5.3982743548430445 0.31353063692793126
 21 6.928752784671669 6.34255844062423 5.440060247970869 0.29000901723487365
 22 6.928062539420848 6.324228952854031 5.4789388745131795 0.2683373750338808
 23 6.928278668509879 6.306406684526015 5.515118743479332 0.24836265401695217
 24 6.92919529324379 6.2891638202039175 5.548790889122586 0.22994437688105287
 25 6.930648103518116 6.272552251220611 5.580131155127543 0.21295392952278052
 26 6.932505383823592 6.256607237329245 5.6093019697220345 0.19727374380536724
 27 6.934661216483473 6.241350457780054 5.636453757617737 0.18279644629058494
 28 6.9370302773975485 6.226792557586479 5.661726090235159 0.16942401523579433
 29 6.9395438071700574 6.212935274265249 5.685248644882924 0.15706697132423214
 30 6.942146458348827 6.19977321444184 5.707142022240595 0.14564361641782944
 31 6.944793802624281 6.1872953372356365 5.727518456728791 0.1350793272986741
 32 6.947450340680589 6.175486191433938 5.7464824441236475 0.12530590665941043
 33 6.9500878992317964 6.164326945517491 5.764131303687655 0.11626099066348716
 34 6.952684329681581 6.153796243162779 5.780555687177561 0.10788751063926555
 35 6.955222444350987 6.143870911585229 5.79584004368224 0.10013320549861224
 36 6.957689141792454 6.134526545754076 5.8100630468750464 0.09295018100858814
 37 6.960074684077371 6.125737987915879 5.823297989615041 0.08629451191001289
 38 6.962372097318221 6.117479718865857 5.835613149677525 0.08012588294469279
 39 6.964576672915074 6.109726174893051 5.847072129582887 0.07440726504111722
 40 6.96668555169901 6.1024520022097714 5.857734172917793 0.06910462316156721
 41 6.968697376704938 6.095632258888971 5.867654459130967 0.06418665259631114
 42 6.970612003044344 6.089242572819761 5.876884378486684 0.05962454078016614
 43 6.9724302554788675 6.083259262906737 5.88547178863787 0.055391751989339113
 44 6.97415372597246 6.0776594296466495 5.893461254113305 0.051463832543960315
 45 6.975784604834274 6.072421020286123 5.900894269883586 0.047818234389820496
 46 6.9773255401373734 6.067522872972016 5.907809470066649 0.044434155159740765
 47 6.978779520969484 6.0629447436304424 5.914242822748393 0.04129239302042668
 48 6.98014978078511 6.058667318734534 5.92022781182162 0.038375214795333525
 49 6.98143971771681 6.054672216629587 5.9257956066838124 0.03566623601923866
 50 6.9826528291920855 6.050941979665247 5.930975220578524 0.03315031172735054
 51 6.983792658610483 6.047460059027065 5.935793658314818 0.030813436912541868
 52 6.98486275217803 6.044210793855345 5.940276054053018 0.028642655700298984
 53 6.985866624284684 6.041179385979843 5.944445799802297 0.02662597839374125
 54 6.986807730054402 6.038351871378302 5.948324665235776 0.024752305632078638
 55 6.987689443904122 6.035715089279193 5.951932909391431 0.0230113589864398
 56 6.988515043123529 6.033256649669779 5.955289384791981 0.021393617388340557
 57 6.989287695636714 6.030964899835551 5.95841163448385 0.019890258849249498
 58 6.990010451234031 6.028828890442718 5.961315982464057 0.018493106985670276
 59 6.990686235670793 6.026838341578797 5.964017617934462 0.01719458191386318
 60 6.991317847121836 6.024983609084778 5.966530673795068 0.015987655122357412
 61 6.9919079545598155 6.023255651443723 5.968868299761812 0.014865807969591232
 62 6.992459097692345 6.0216459974330724 5.971042730469695 0.013822993488848348
 63 6.992973688150364 6.020146714699674 5.973065348898805 0.01285360121365844
 64 6.9934540116691135 6.018750379376327 5.974946745438946 0.011952424764503656
 65 6.993902231044668 6.017450046825271 5.976696772888019 0.01111463196234392
 66 6.994320389684518 6.016239223566324 5.978324597659976 0.010335737256534947
 67 6.99471041560084 6.015111840424696 5.979838747460016 9.611576274483074E-3
 68 6.995074125720823 6.014062226914892 5.981247155667665 8.938282318041176E-3
 69 6.9954132304101115 6.013085086862064 5.982557202652439 8.312264647575788E-3
 70 6.995729338124017 6.012175475250022 5.983775754231755 7.730188408872437E-3
 71 6.996023960116684 6.011328776275526 5.984909197466818 7.1889560709130365E-3
 72 6.9962985151517145 6.010540682580969 5.98596347397901 6.685690254120892E-3
 73 6.996554334168808 6.0098071756317175 5.9869441109570704 6.2177178391286565E-3
 74 6.996792664870446 6.009124507200148 5.987856250013847 5.782555255528921E-3
 75 6.997014676200463 6.00848918191527 5.988704674040659 5.3778948586417464E-3
 76 6.997221462692945 6.007897940834749 5.989493832197268 5.001592310040234E-3
 77 6.997414048675443 6.007347745994858 5.990227863166088 4.651654884592331E-3
 78 6.997593392314952 6.00683576589335 5.990910616790472 4.326230633162417E-3
 79 6.997760389498984 6.006359361860111 5.991545674208788 4.0235983358846245E-3
 80 6.997915877547101 6.005916075270944 5.992136366588287 3.7421581862109912E-3
 81 6.998060638750831 6.0055036155605154 5.9926857925557275 3.480423150724529E-3
 82 6.998195403741931 6.005119848991549 5.993196834414997 3.2370109541098464E-3
 83 6.99832085469064 6.004762788138561 5.993672173235816 3.010636642653366E-3
 84 6.998437628336806 6.004430582045845 5.994114302891832 2.8001056833277426E-3
 85 6.998546318857901 6.0041215070208675 5.99452554312098 2.6043075588423145E-3
 86 6.9986474805786045 6.003833958025871 5.99490805167601 2.422209822124312E-3
 87 6.998741630527299 6.003566440632043 5.995263835628379 2.2528525764964565E-3
 88 6.998829250845191 6.003317563502286 5.995594761884314 2.095343350409851E-3
 89 6.998910791054092 6.003086031370257 5.995902566967851 1.9488523379348533E-3
 90 6.998986670189023 6.00287063848498 5.996188866121794 1.8126079784219234E-3
 91 6.999057278801914 6.002670262491904 5.996455161774065 1.685892850721267E-3
 92 6.999122980842612 6.002483858722905 5.996702851413602 1.5680398592071577E-3
 93 6.999184115423448 6.002310454869187 5.996933234916893 1.4584286905407408E-3
 94 6.999240998473413 6.002149146012524 5.997147521363433 1.3564825216756083E-3
 95 6.99929392428789 6.001999089991735 5.9973468353756524 1.2616649610476104E-3
 96 6.9993431669797274 6.001859503082586 5.997532223016486 1.1734772062288933E-3
 97 6.999388981837214 6.001729655970632 5.997704657275382 1.0914554025363248E-3
 98 6.999431606594332 6.001608869997774 5.997865043171442 1.0151681882420002E-3
 99 6.999471262618437 6.001496513664436 5.998014222500383 9.442144130634771E-4
 100 6.999508156020276 6.0013919993704254 5.998152978250138 8.782210175891122E-4
 101 5.375 2.7916666666666665 1.046875 3.476890103496599E-310
 
 La solucion es X= 
    6.99950815602028
    6.00139199937043
    5.99815297825014
    0.00087822101759
