 DIMENSION=  4
 A= 
 1.0 1.0 1.0 1.0
 1.0 2.0 2.0 2.0
 1.0 2.0 3.0 3.0
 1.0 2.0 3.0 4.0
 
 B= 
   19.00000000000000
   31.00000000000000
   37.00000000000000
   37.00000000000000
 W=  1.0
 X0= 
    0.00000000000000
    0.00000000000000
    0.00000000000000
    0.00000000000000
 
 ITERACION----------------------------APROXIMACION
 1 19.0 6.0 2.0 0.0E+0
 2 11.0 8.0 3.333333333333333 0.0E+0
 3 7.666666666666668 8.333333333333334 4.222222222222221 0.0E+0
 4 6.444444444444446 8.055555555555555 4.814814814814814 0.0E+0
 5 6.12962962962963 7.62037037037037 5.209876543209877 0.0E+0
 6 6.169753086419753 7.205246913580247 5.473251028806584 0.0E+0
 7 6.32150205761317 6.865997942386832 5.648834019204388 0.0E+0
 8 6.48516803840878 6.608581961591222 5.765889346136258 0.0E+0
 9 6.625528692272521 6.421346307727482 5.843926230757505 0.0E+0
 10 6.734727461515011 6.288710038484989 5.895950820505003 0.0E+0
 11 6.815339141010007 6.196379608989993 5.93063388033667 0.0E+0
 12 6.872986510673336 6.132872864326663 5.953755920224447 0.0E+0
 13 6.91337121544889 6.089558472051108 5.969170613482964 0.0E+0
 14 6.941270914465928 6.060193929284072 5.97944707565531 0.0E+0
 15 6.96035899506062 6.04037342681438 5.986298050436873 0.0E+0
 16 6.973328522748748 6.027037688188754 5.990865366957914 0.0E+0
 17 6.982096944853332 6.01808616061542 5.9939102446386085 0.0E+0
 18 6.988003594745972 6.012087957988406 5.995940163092405 0.0E+0
 19 6.991971878919188 6.008073897448 5.997293442061604 0.0E+0
 20 6.994632660490396 6.005390227693198 5.99819562804107 0.0E+0
 21 6.9964141442657314 6.003597299826064 5.998797085360714 0.0E+0
 22 6.997605614813221 6.002400107232676 5.999198056907143 0.0E+0
 23 6.998401835860182 6.001601025162767 5.9994653712714285 0.0E+0
 24 6.998933603565806 6.001067826945668 5.999643580847619 0.0E+0
 25 6.999288592206714 6.000712123049025 5.999762387231745 0.0E+0
 26 6.999525489719229 6.00047486790864 5.99984159148783 0.0E+0
 27 6.999683540603531 6.000316638210405 5.999894394325219 0.0E+0
 28 6.999788967464376 6.000211121942593 5.999929596216812 0.0E+0
 29 6.999859281840596 6.000140762862891 5.999953064144541 0.0E+0
 30 6.999906172992567 6.000093849359175 5.9999687094296945 0.0E+0
 31 6.999937441211131 6.00006256996474 5.999979139619796 0.0E+0
 32 6.999958290415464 6.000041715172472 5.9999860930798645 0.0E+0
 33 6.999972191747663 6.000027811046303 5.999990728719911 0.0E+0
 34 6.999981460233787 6.000018541163197 5.9999938191466064 0.0E+0
 35 6.999987639690197 6.000012361008295 5.999995879431071 0.0E+0
 36 6.999991759560633 6.0000082407886115 5.999997252954048 0.0E+0
 37 6.999994506257341 6.000005493917282 5.999998168636032 0.0E+0
 38 6.999996337446685 6.000003662640625 5.999998779090689 0.0E+0
 39 6.999997558268685 6.000002441774969 5.999999186060459 0.0E+0
 40 6.999998372164573 6.000001627857255 5.999999457373639 0.0E+0
 41 6.999998914769105 6.0000010852418075 5.999999638249093 0.0E+0
 42 6.999999276509097 6.000000723496358 5.999999758832729 0.0E+0
 43 6.999999517670911 6.000000482331815 5.999999839221819 0.0E+0
 44 6.999999678446365 6.000000321554998 5.999999892814547 0.0E+0
 45 6.999999785630457 6.000000214370225 5.999999928543031 0.0E+0
 46 6.999999857086745 6.000000142913597 5.999999952362019 0.0E+0
 47 6.999999904724383 6.000000095275789 5.999999968241346 0.0E+0
 48 6.999999936482865 6.000000063517222 5.999999978827565 0.0E+0
 49 6.999999957655213 6.000000042344828 5.999999985885044 0.0E+0
 50 6.99999997177013 6.000000028229891 5.999999990590029 0.0E+0
 51 6.999999981180078 6.0000000188199305 5.9999999937266874 0.0E+0
 52 6.999999987453382 6.0000000125466215 5.9999999958177925 0.0E+0
 
 La solucion es X= 
    6.99999998745338
    6.00000001254662
    5.99999999581779
    0.00000000000000
