 DIMENSION=  4
 A= 
 1.0 1.0 1.0 1.0
 1.0 2.0 2.0 2.0
 1.0 2.0 3.0 3.0
 1.0 2.0 3.0 4.0
 
 B= 
   19.00000000000000
   31.00000000000000
   37.00000000000000
   37.00000000000000
 W=  1.5
 X0= 
    0.00000000000000
    0.00000000000000
    0.00000000000000
    0.00000000000000
 
 ITERACION----------------------------APROXIMACION
 1 28.5 1.875 2.375 -0.890625
 2 9.2109375 13.177734375 0.865234375 9.521484375E-3
 3 2.8157958984375 13.237152099609375 3.408050537109375 -0.9476051330566406
 4 3.545705795288086 10.281476497650146 6.163053035736084 -1.6253791451454162
 5 4.498421519994736 7.928934775292873 7.678396664559841 -1.584115826524794
 6 5.2159658200107514 6.232136990292929 8.196855507208966 -1.184494457571418
 7 6.025270030098909 5.096437407823032 8.069241509880158 -0.6924537869838332
 8 6.777527288871511 4.553454245090364 7.561842036009551 -0.2425088141634184
 9 7.302055155159499 4.517731678315993 6.914082947344609 0.09134164939721767
 10 7.56423800983352 4.809818758354125 6.314008288960986 0.2821165277671178
 11 7.60896563245989 5.2441791713858645 5.87115907625302 0.3423912846199373
 12 7.508922885381827 5.67589270896126 5.620479383291412 0.3079994377480634
 13 7.338981262307989 6.015099467229165 5.543171053349038 0.22149027232093082
 14 7.160868179497301 6.224807143257489 5.590937831837945 0.12051887826724109
 15 7.0151701302073394 6.309033765557973 5.707133936018524 0.03175075984930752
 16 6.920537242757625 6.296753141351049 5.841785129486915 -0.030649972644828098
 17 6.877898931331485 6.226496495562729 5.959636432995314 -0.06335047171866884
 18 6.8768768490751934 6.1346651734972734 6.042103893045477 -0.07051934234297817
 19 6.90218698916275 6.0486503453255524 6.084983227084804 -0.060154339229109406
 20 6.938687655646756 5.984415753818614 6.093980313659269 -0.040970369483619484
 21 6.9745176251852285 5.947388987938299 6.0798175968648795 -0.020295462129366254
 22 7.002374503396661 5.935241426380088 6.054105716683191 -3.042708762720517E-3
 23 7.0193560968508315 5.941267702291126 6.026565454085942 8.4259054972683E-3
 24 7.025933358763078 5.957429090407313 6.003682644922275 0.013847244372169273
 25 7.024594851065828 5.9765444825553064 5.988545902892389 0.014330805993814784
 26 7.018570787304821 5.993484604914426 5.981460840996247 0.01161365195718754
 27 7.010875959545798 6.005488988453284 5.980922133339913 7.460547844365402E-3
 28 7.003754515770758 6.011865597168873 5.984605256509244 3.281671214228534E-3
 29 6.9984939547761 6.013366343748278 5.990161543787707 -3.2563220530702416E-5
 30 6.99551003613877 6.011490830171022 5.995722224696536 -2.1056073536431735E-3
 31 6.994583810659741 6.007891800905345 6.000113592446981 -2.9627675024439556E-3
 32 6.995144155895307 6.003969745209042 6.002845531873479 -2.8762069739629563E-3
 33 6.9965193168895094 6.000671652379071 6.003960233700379 -2.2156425438146784E-3
 34 6.998115976251791 5.998460304886775 6.003825053952861 -1.3340841845652646E-3
 35 6.999515099891504 5.997397067985541 6.002933981369123 -4.99650396450835E-4
 36 7.000495351616927 5.997278455835527 6.001756353266124 1.2932904084278506E-4
 37 7.001006116977797 5.997777660888438 6.000647110428336 4.967967146991825E-4
 38 7.001114589463894 5.998559366743306 5.9998145882385305 6.226937678637107E-4
 39 7.000947732143501 5.9993535945111284 5.99933120464606 5.704524520927581E-4
 40 7.000643256514328 5.999988274711457 5.9991688160302114 4.17428513501069E-4
 41 7.000316592860079 6.000389051183642 5.999242101600961 2.3341073190672086E-4
 42 7.0000448582951975 6.000558562187479 5.9994478417665835 6.87291453314717E-5
 43 6.999864871203311 6.000547209135905 5.99969334066115 -4.9106369627550505E-5
 44 6.999780399257201 6.0004247445518634 5.999912045043404 -1.1270562436347894E-4
 45 6.9997736744150405 6.000258362784231 6.000067835923092 -1.2886259511214216E-4
 46 6.999817158624159 6.000099489647792 6.000151306971249 -1.1184076500369693E-4
 47 6.9998829869068615 5.999978815686587 6.000171798521862 -7.758480960490469E-5
 48 6.999948962448302 5.999907549752095 6.0001484469772314 -3.973367676543442E-5
 49 7.000001124197004 5.999882312025498 6.000102502902532 -7.604519968077408E-6
 50 7.000033622289408 5.9998912796963494 6.000052064487633 1.4161580606693581E-5
 51 7.0000469302084145 5.999919823393156 6.000009436887911 2.4836337773139486E-5
 52 7.000045389967536 5.9999546359892415 5.999980696076374 2.6300515436133013E-5
 53 7.000034856144655 5.999986045009173 5.999966728107157 2.1675810604435617E-5
 54 7.0000208985372704 6.000008697715817 5.999964975246062 1.4204704539601022E-5
 55 7.000007734231737 6.000021080542386 5.999971257661906 6.522034394390013E-6
 56 6.999997842526101 6.000024408289779 5.999981258564626 3.2593297702194514E-7
 57 6.999992089555878 6.000021351941799 5.999991485098484 -3.631242085895691E-6
 58 6.999990146524766 6.000014933350929 5.999999697700575 -5.349252089178258E-6
 59 6.99999100403849 6.000007757622936 6.000004915385665 -5.299914463348759E-6
 60 6.9999934383395494 6.000001619227064 6.000007153782024 -4.1518451749674754E-6
 61 6.999996349084357 5.999997425667927 6.000007050666644 -2.556234966046454E-6
 62 6.999998945308414 5.999995336537211 6.0000054998277114 -1.016082253828738E-6
 63 7.000000796921789 5.999995008421865 6.000003367326764 1.6463644622276325E-7
 64 7.000001790961488 5.999995854623137 6.000001319278066 8.709160417441143E-7
 65 7.000002037293386 5.999997259427231 5.999999755912979 1.1305844348419546E-6
 66 7.00000176246634 5.9999987186905094 5.99999882624318 1.055241444506959E-6
 67 7.000001218504126 5.999999904549715 5.999998490214464 7.855366739009723E-7
 68 7.000000620296653 6.000000668875944 5.999998597563486 4.507045385941624E-7
 69 7.000000114135716 6.000001007558202 5.999998960535388 1.455758722383059E-7
 70 6.99999977242795 6.000001007733049 5.9999994074214715 -7.65973608947778E-8
 71 6.999999605950281 6.000000795434601 5.999999812775563 -1.998811340904977E-7
 72 6.999999584531318 6.000000494542567 6.000000106625693 -2.3511950863937452E-7
 73 6.999999658661215 6.000000201473526 6.000000268562282 -2.076759134111071E-7
 74 6.999999777129549 5.999999975086523 6.000000313581433 -1.4667962863733735E-7
 75 6.99999989845273 5.999999838264487 6.000000275737873 -7.748343290603862E-8
 76 6.999999995995243 5.999999786489663 6.00000019386893 -1.7726292482420372E-8
 77 7.000000058053931 5.999999799000767 6.00000010162724 2.351170061071093E-8
 78 7.000000084763473 5.999999849218602 6.00000002231849 4.4435593192865895E-8
 79 7.000000083659236 5.999999912515146 5.9999999678426 4.820070643225784E-8
 80 7.000000065332706 5.9999999706779405 5.999999940433346 4.040391271250431E-8
 81 7.000000040060847 6.0000000133595055 5.99999993578753 2.699462628582067E-8
 82 7.000000015757083 6.000000037329201 5.999999946406554 1.288950758550869E-8
 83 6.999999997183567 6.000000044503633 5.999999964367046 1.320757108226754E-9
 84 6.999999986121066 6.000000039625679 5.999999983149129 -6.217807737624808E-9
 85 6.999999982103965 6.000000028212206 5.99999999848796 -9.638192842694906E-9
 86 6.99999998335506 6.000000015102951 6.000000008432826 -9.75319361996732E-9
 87 6.9999999876485965 6.00000000369263 6.00000001289645 -7.769607273937815E-9
 88 6.999999992946492 5.9999999957535514 6.000000012979388 -4.887107560444921E-9
 
 La solucion es X= 
    6.99999999294649
    5.99999999575355
    6.00000001297939
   -0.00000000488711
