 DIMENSION=  4
 A= 
 1.0 1.0 0.0E+0 0.0E+0
 1.4142135623730951 5.0 1.4142135623730951 0.0E+0
 0.0E+0 1.7320508075688771 7.0 1.7320508075688771
 0.0E+0 0.0E+0 1.0 1.0
 
 B= 
    1.00000000000000
    1.41421356237310
    1.73205080756888
    0.00000000000000
 W=  1.0
 X0= 
    0.00000000000000
    0.00000000000000
    0.00000000000000
    0.00000000000000
 
 ITERACION----------------------------APROXIMACION
 1 1.0 0.0E+0 0.24743582965269672 -0.24743582965269672
 2 1.0 -0.06998542122237651 0.32597722021236724 -0.32597722021236724
 3 1.0699854212223764 -0.1119951475420179 0.355805885832959 -0.355805885832959
 4 1.111995147542018 -0.13231411317820826 0.36821420657809844 -0.36821420657809844
 5 1.1323141131782081 -0.1415707876302372 0.3735749026391315 -0.3735749026391315
 6 1.1415707876302372 -0.1457052043553982 0.37592433374902933 -0.37592433374902933
 7 1.1457052043553981 -0.1475391134643389 0.37695944200679715 -0.37695944200679715
 8 1.147539113464339 -0.14835059411847553 0.3774163542662417 -0.3774163542662417
 9 1.1483505941184755 -0.14870934981063646 0.37761817974256833 -0.37761817974256833
 10 1.1487093498106364 -0.14886790610889363 0.37770735110595415 -0.37770735110595415
 11 1.1488679061088937 -0.1489379740726678 0.37774675262098333 -0.37774675262098333
 12 1.1489379740726677 -0.1489689367169857 0.3777641632351292 -0.3777641632351292
 13 1.1489689367169857 -0.1489826187406208 0.37777185666775464 -0.37777185666775464
 14 1.1489826187406206 -0.1489886646326499 0.37777525626894936 -0.37777525626894936
 15 1.14898866463265 -0.14899133622157398 0.3777767584989134 -0.3777767584989134
 16 1.148991336221574 -0.14899251675582972 0.3777774223109039 -0.3777774223109039
 17 1.1489925167558296 -0.1489930384157247 0.37777771563912343 -0.37777771563912343
 18 1.1489930384157247 -0.14899326892917363 0.37777784525632124 -0.37777784525632124
 19 1.1489932689291735 -0.14899337078950261 0.37777790253215515 -0.37777790253215515
 20 1.1489933707895025 -0.14899341580000657 0.37777792784146 -0.37777792784146
 21 1.1489934158000065 -0.1489934356894521 0.3777779390252503 -0.3777779390252503
 22 1.148993435689452 -0.14899344447829032 0.3777779439671942 -0.3777779439671942
 23 1.1489934444782903 -0.14899344836194203 0.37777794615096282 -0.37777794615096282
 24 1.1489934483619421 -0.14899345007806766 0.3777779471159363 -0.3777779471159363
 25 1.1489934500780676 -0.148993450836397 0.37777794754234322 -0.37777794754234322
 26 1.148993450836397 -0.14899345117149101 0.37777794773076583 -0.37777794773076583
 
 La solucion es X= 
    1.14899345083640
   -0.14899345117149
    0.37777794773077
   -0.37777794773077
