 DIMENSION=  4
 A= 
 1.0 1.0 0.0E+0 0.0E+0
 1.4142135623730951 5.0 1.4142135623730951 0.0E+0
 0.0E+0 1.7320508075688771 7.0 1.7320508075688771
 0.0E+0 0.0E+0 1.0 1.0
 
 B= 
    1.00000000000000
    1.41421356237310
    1.73205080756888
    0.00000000000000
 W=  1.2
 X0= 
    0.00000000000000
    0.00000000000000
    0.00000000000000
    0.00000000000000
 
 ITERACION----------------------------APROXIMACION
 1 1.2 -0.06788225099390853 0.3170787968952805 -0.3804945562743366
 2 1.0414587011926903 -0.10811521198089656 0.3785867122657546 -0.37820514346403816
 3 1.121446514138538 -0.14809386250417116 0.37747593055464534 -0.3773300879727668
 4 1.153423332177298 -0.15057441252541967 0.3781747951421005 -0.37834373657596725
 5 1.1500046285950438 -0.14915515855463015 0.3779145886638403 -0.37782875908141494
 6 1.1489852645465474 -0.14900470871047957 0.37776904928074173 -0.3777571073206071
 7 1.149008597543266 -0.14899332045634317 0.37777350066737086 -0.3777767793367236
 8 1.1489902650389585 -0.14899088669959884 0.37777772882565646 -0.377777918723443
 9 1.148991011031727 -0.14899306173379933 0.3777778673217875 -0.3777778570414564
 10 1.1489934718742138 -0.14899350897174165 0.37777795410299064 -0.3777779735152975
 11 1.1489935163912472 -0.14899346408825242 0.3777779580035717 -0.37777795490122656
 12 1.1489934536276533 -0.14899345308618125 0.37777794842974182 -0.3777779471354449
 13 1.1489934529778866 -0.14899345181659173 0.3777779476616984 -0.3777779477669491
 14 1.1489934515843325 -0.14899345133683913 0.3777779478603656 -0.3777779478790489
 15 1.1489934512873405 -0.1489934513994171 0.377777947872498 -0.37777794787118784
 
 La solucion es X= 
    1.14899345128734
   -0.14899345139942
    0.37777794787250
   -0.37777794787119
