 DIMENSION=  50
 A= 
 1.0 1.0 0.0E+0 0.0E+0 0.0E+0 0.0E+0 0.0E+0 0.0E+0 0.0E+0 0.0E+0 0.0E+0 0.0E+0 0.0E+0 0.0E+0 0.0E+0 0.0E+0 0.0E+0 0.0E+0 0.0E+0 0.0E+0 0.0E+0 0.0E+0 0.0E+0 0.0E+0 0.0E+0 0.0E+0 0.0E+0 0.0E+0 0.0E+0 0.0E+0 0.0E+0 0.0E+0 0.0E+0 0.0E+0 0.0E+0 0.0E+0 0.0E+0 0.0E+0 0.0E+0 0.0E+0 0.0E+0 0.0E+0 0.0E+0 0.0E+0 0.0E+0 0.0E+0 0.0E+0 0.0E+0 0.0E+0 0.0E+0
 1.4142135623730951 5.0 1.4142135623730951 0.0E+0 0.0E+0 0.0E+0 0.0E+0 0.0E+0 0.0E+0 0.0E+0 0.0E+0 0.0E+0 0.0E+0 0.0E+0 0.0E+0 0.0E+0 0.0E+0 0.0E+0 0.0E+0 0.0E+0 0.0E+0 0.0E+0 0.0E+0 0.0E+0 0.0E+0 0.0E+0 0.0E+0 0.0E+0 0.0E+0 0.0E+0 0.0E+0 0.0E+0 0.0E+0 0.0E+0 0.0E+0 0.0E+0 0.0E+0 0.0E+0 0.0E+0 0.0E+0 0.0E+0 0.0E+0 0.0E+0 0.0E+0 0.0E+0 0.0E+0 0.0E+0 0.0E+0 0.0E+0 0.0E+0
 0.0E+0 1.7320508075688771 7.0 1.7320508075688771 0.0E+0 0.0E+0 0.0E+0 0.0E+0 0.0E+0 0.0E+0 0.0E+0 0.0E+0 0.0E+0 0.0E+0 0.0E+0 0.0E+0 0.0E+0 0.0E+0 0.0E+0 0.0E+0 0.0E+0 0.0E+0 0.0E+0 0.0E+0 0.0E+0 0.0E+0 0.0E+0 0.0E+0 0.0E+0 0.0E+0 0.0E+0 0.0E+0 0.0E+0 0.0E+0 0.0E+0 0.0E+0 0.0E+0 0.0E+0 0.0E+0 0.0E+0 0.0E+0 0.0E+0 0.0E+0 0.0E+0 0.0E+0 0.0E+0 0.0E+0 0.0E+0 0.0E+0 0.0E+0
 0.0E+0 0.0E+0 2.0 9.0 2.0 0.0E+0 0.0E+0 0.0E+0 0.0E+0 0.0E+0 0.0E+0 0.0E+0 0.0E+0 0.0E+0 0.0E+0 0.0E+0 0.0E+0 0.0E+0 0.0E+0 0.0E+0 0.0E+0 0.0E+0 0.0E+0 0.0E+0 0.0E+0 0.0E+0 0.0E+0 0.0E+0 0.0E+0 0.0E+0 0.0E+0 0.0E+0 0.0E+0 0.0E+0 0.0E+0 0.0E+0 0.0E+0 0.0E+0 0.0E+0 0.0E+0 0.0E+0 0.0E+0 0.0E+0 0.0E+0 0.0E+0 0.0E+0 0.0E+0 0.0E+0 0.0E+0 0.0E+0
 0.0E+0 0.0E+0 0.0E+0 2.23606797749979 11.0 2.23606797749979 0.0E+0 0.0E+0 0.0E+0 0.0E+0 0.0E+0 0.0E+0 0.0E+0 0.0E+0 0.0E+0 0.0E+0 0.0E+0 0.0E+0 0.0E+0 0.0E+0 0.0E+0 0.0E+0 0.0E+0 0.0E+0 0.0E+0 0.0E+0 0.0E+0 0.0E+0 0.0E+0 0.0E+0 0.0E+0 0.0E+0 0.0E+0 0.0E+0 0.0E+0 0.0E+0 0.0E+0 0.0E+0 0.0E+0 0.0E+0 0.0E+0 0.0E+0 0.0E+0 0.0E+0 0.0E+0 0.0E+0 0.0E+0 0.0E+0 0.0E+0 0.0E+0
 0.0E+0 0.0E+0 0.0E+0 0.0E+0 2.449489742783178 13.0 2.449489742783178 0.0E+0 0.0E+0 0.0E+0 0.0E+0 0.0E+0 0.0E+0 0.0E+0 0.0E+0 0.0E+0 0.0E+0 0.0E+0 0.0E+0 0.0E+0 0.0E+0 0.0E+0 0.0E+0 0.0E+0 0.0E+0 0.0E+0 0.0E+0 0.0E+0 0.0E+0 0.0E+0 0.0E+0 0.0E+0 0.0E+0 0.0E+0 0.0E+0 0.0E+0 0.0E+0 0.0E+0 0.0E+0 0.0E+0 0.0E+0 0.0E+0 0.0E+0 0.0E+0 0.0E+0 0.0E+0 0.0E+0 0.0E+0 0.0E+0 0.0E+0
 0.0E+0 0.0E+0 0.0E+0 0.0E+0 0.0E+0 2.6457513110645907 15.0 2.6457513110645907 0.0E+0 0.0E+0 0.0E+0 0.0E+0 0.0E+0 0.0E+0 0.0E+0 0.0E+0 0.0E+0 0.0E+0 0.0E+0 0.0E+0 0.0E+0 0.0E+0 0.0E+0 0.0E+0 0.0E+0 0.0E+0 0.0E+0 0.0E+0 0.0E+0 0.0E+0 0.0E+0 0.0E+0 0.0E+0 0.0E+0 0.0E+0 0.0E+0 0.0E+0 0.0E+0 0.0E+0 0.0E+0 0.0E+0 0.0E+0 0.0E+0 0.0E+0 0.0E+0 0.0E+0 0.0E+0 0.0E+0 0.0E+0 0.0E+0
 0.0E+0 0.0E+0 0.0E+0 0.0E+0 0.0E+0 0.0E+0 2.8284271247461902 17.0 2.8284271247461902 0.0E+0 0.0E+0 0.0E+0 0.0E+0 0.0E+0 0.0E+0 0.0E+0 0.0E+0 0.0E+0 0.0E+0 0.0E+0 0.0E+0 0.0E+0 0.0E+0 0.0E+0 0.0E+0 0.0E+0 0.0E+0 0.0E+0 0.0E+0 0.0E+0 0.0E+0 0.0E+0 0.0E+0 0.0E+0 0.0E+0 0.0E+0 0.0E+0 0.0E+0 0.0E+0 0.0E+0 0.0E+0 0.0E+0 0.0E+0 0.0E+0 0.0E+0 0.0E+0 0.0E+0 0.0E+0 0.0E+0 0.0E+0
 0.0E+0 0.0E+0 0.0E+0 0.0E+0 0.0E+0 0.0E+0 0.0E+0 3.0 19.0 3.0 0.0E+0 0.0E+0 0.0E+0 0.0E+0 0.0E+0 0.0E+0 0.0E+0 0.0E+0 0.0E+0 0.0E+0 0.0E+0 0.0E+0 0.0E+0 0.0E+0 0.0E+0 0.0E+0 0.0E+0 0.0E+0 0.0E+0 0.0E+0 0.0E+0 0.0E+0 0.0E+0 0.0E+0 0.0E+0 0.0E+0 0.0E+0 0.0E+0 0.0E+0 0.0E+0 0.0E+0 0.0E+0 0.0E+0 0.0E+0 0.0E+0 0.0E+0 0.0E+0 0.0E+0 0.0E+0 0.0E+0
 0.0E+0 0.0E+0 0.0E+0 0.0E+0 0.0E+0 0.0E+0 0.0E+0 0.0E+0 3.1622776601683795 21.0 3.1622776601683795 0.0E+0 0.0E+0 0.0E+0 0.0E+0 0.0E+0 0.0E+0 0.0E+0 0.0E+0 0.0E+0 0.0E+0 0.0E+0 0.0E+0 0.0E+0 0.0E+0 0.0E+0 0.0E+0 0.0E+0 0.0E+0 0.0E+0 0.0E+0 0.0E+0 0.0E+0 0.0E+0 0.0E+0 0.0E+0 0.0E+0 0.0E+0 0.0E+0 0.0E+0 0.0E+0 0.0E+0 0.0E+0 0.0E+0 0.0E+0 0.0E+0 0.0E+0 0.0E+0 0.0E+0 0.0E+0
 0.0E+0 0.0E+0 0.0E+0 0.0E+0 0.0E+0 0.0E+0 0.0E+0 0.0E+0 0.0E+0 3.3166247903554 23.0 3.3166247903554 0.0E+0 0.0E+0 0.0E+0 0.0E+0 0.0E+0 0.0E+0 0.0E+0 0.0E+0 0.0E+0 0.0E+0 0.0E+0 0.0E+0 0.0E+0 0.0E+0 0.0E+0 0.0E+0 0.0E+0 0.0E+0 0.0E+0 0.0E+0 0.0E+0 0.0E+0 0.0E+0 0.0E+0 0.0E+0 0.0E+0 0.0E+0 0.0E+0 0.0E+0 0.0E+0 0.0E+0 0.0E+0 0.0E+0 0.0E+0 0.0E+0 0.0E+0 0.0E+0 0.0E+0
 0.0E+0 0.0E+0 0.0E+0 0.0E+0 0.0E+0 0.0E+0 0.0E+0 0.0E+0 0.0E+0 0.0E+0 3.4641016151377543 25.0 3.4641016151377543 0.0E+0 0.0E+0 0.0E+0 0.0E+0 0.0E+0 0.0E+0 0.0E+0 0.0E+0 0.0E+0 0.0E+0 0.0E+0 0.0E+0 0.0E+0 0.0E+0 0.0E+0 0.0E+0 0.0E+0 0.0E+0 0.0E+0 0.0E+0 0.0E+0 0.0E+0 0.0E+0 0.0E+0 0.0E+0 0.0E+0 0.0E+0 0.0E+0 0.0E+0 0.0E+0 0.0E+0 0.0E+0 0.0E+0 0.0E+0 0.0E+0 0.0E+0 0.0E+0
 0.0E+0 0.0E+0 0.0E+0 0.0E+0 0.0E+0 0.0E+0 0.0E+0 0.0E+0 0.0E+0 0.0E+0 0.0E+0 3.605551275463989 27.0 3.605551275463989 0.0E+0 0.0E+0 0.0E+0 0.0E+0 0.0E+0 0.0E+0 0.0E+0 0.0E+0 0.0E+0 0.0E+0 0.0E+0 0.0E+0 0.0E+0 0.0E+0 0.0E+0 0.0E+0 0.0E+0 0.0E+0 0.0E+0 0.0E+0 0.0E+0 0.0E+0 0.0E+0 0.0E+0 0.0E+0 0.0E+0 0.0E+0 0.0E+0 0.0E+0 0.0E+0 0.0E+0 0.0E+0 0.0E+0 0.0E+0 0.0E+0 0.0E+0
 0.0E+0 0.0E+0 0.0E+0 0.0E+0 0.0E+0 0.0E+0 0.0E+0 0.0E+0 0.0E+0 0.0E+0 0.0E+0 0.0E+0 3.7416573867739413 29.0 3.7416573867739413 0.0E+0 0.0E+0 0.0E+0 0.0E+0 0.0E+0 0.0E+0 0.0E+0 0.0E+0 0.0E+0 0.0E+0 0.0E+0 0.0E+0 0.0E+0 0.0E+0 0.0E+0 0.0E+0 0.0E+0 0.0E+0 0.0E+0 0.0E+0 0.0E+0 0.0E+0 0.0E+0 0.0E+0 0.0E+0 0.0E+0 0.0E+0 0.0E+0 0.0E+0 0.0E+0 0.0E+0 0.0E+0 0.0E+0 0.0E+0 0.0E+0
 0.0E+0 0.0E+0 0.0E+0 0.0E+0 0.0E+0 0.0E+0 0.0E+0 0.0E+0 0.0E+0 0.0E+0 0.0E+0 0.0E+0 0.0E+0 3.872983346207417 31.0 3.872983346207417 0.0E+0 0.0E+0 0.0E+0 0.0E+0 0.0E+0 0.0E+0 0.0E+0 0.0E+0 0.0E+0 0.0E+0 0.0E+0 0.0E+0 0.0E+0 0.0E+0 0.0E+0 0.0E+0 0.0E+0 0.0E+0 0.0E+0 0.0E+0 0.0E+0 0.0E+0 0.0E+0 0.0E+0 0.0E+0 0.0E+0 0.0E+0 0.0E+0 0.0E+0 0.0E+0 0.0E+0 0.0E+0 0.0E+0 0.0E+0
 0.0E+0 0.0E+0 0.0E+0 0.0E+0 0.0E+0 0.0E+0 0.0E+0 0.0E+0 0.0E+0 0.0E+0 0.0E+0 0.0E+0 0.0E+0 0.0E+0 4.0 33.0 4.0 0.0E+0 0.0E+0 0.0E+0 0.0E+0 0.0E+0 0.0E+0 0.0E+0 0.0E+0 0.0E+0 0.0E+0 0.0E+0 0.0E+0 0.0E+0 0.0E+0 0.0E+0 0.0E+0 0.0E+0 0.0E+0 0.0E+0 0.0E+0 0.0E+0 0.0E+0 0.0E+0 0.0E+0 0.0E+0 0.0E+0 0.0E+0 0.0E+0 0.0E+0 0.0E+0 0.0E+0 0.0E+0 0.0E+0
 0.0E+0 0.0E+0 0.0E+0 0.0E+0 0.0E+0 0.0E+0 0.0E+0 0.0E+0 0.0E+0 0.0E+0 0.0E+0 0.0E+0 0.0E+0 0.0E+0 0.0E+0 4.123105625617661 35.0 4.123105625617661 0.0E+0 0.0E+0 0.0E+0 0.0E+0 0.0E+0 0.0E+0 0.0E+0 0.0E+0 0.0E+0 0.0E+0 0.0E+0 0.0E+0 0.0E+0 0.0E+0 0.0E+0 0.0E+0 0.0E+0 0.0E+0 0.0E+0 0.0E+0 0.0E+0 0.0E+0 0.0E+0 0.0E+0 0.0E+0 0.0E+0 0.0E+0 0.0E+0 0.0E+0 0.0E+0 0.0E+0 0.0E+0
 0.0E+0 0.0E+0 0.0E+0 0.0E+0 0.0E+0 0.0E+0 0.0E+0 0.0E+0 0.0E+0 0.0E+0 0.0E+0 0.0E+0 0.0E+0 0.0E+0 0.0E+0 0.0E+0 4.242640687119285 37.0 4.242640687119285 0.0E+0 0.0E+0 0.0E+0 0.0E+0 0.0E+0 0.0E+0 0.0E+0 0.0E+0 0.0E+0 0.0E+0 0.0E+0 0.0E+0 0.0E+0 0.0E+0 0.0E+0 0.0E+0 0.0E+0 0.0E+0 0.0E+0 0.0E+0 0.0E+0 0.0E+0 0.0E+0 0.0E+0 0.0E+0 0.0E+0 0.0E+0 0.0E+0 0.0E+0 0.0E+0 0.0E+0
 0.0E+0 0.0E+0 0.0E+0 0.0E+0 0.0E+0 0.0E+0 0.0E+0 0.0E+0 0.0E+0 0.0E+0 0.0E+0 0.0E+0 0.0E+0 0.0E+0 0.0E+0 0.0E+0 0.0E+0 4.358898943540674 39.0 4.358898943540674 0.0E+0 0.0E+0 0.0E+0 0.0E+0 0.0E+0 0.0E+0 0.0E+0 0.0E+0 0.0E+0 0.0E+0 0.0E+0 0.0E+0 0.0E+0 0.0E+0 0.0E+0 0.0E+0 0.0E+0 0.0E+0 0.0E+0 0.0E+0 0.0E+0 0.0E+0 0.0E+0 0.0E+0 0.0E+0 0.0E+0 0.0E+0 0.0E+0 0.0E+0 0.0E+0
 0.0E+0 0.0E+0 0.0E+0 0.0E+0 0.0E+0 0.0E+0 0.0E+0 0.0E+0 0.0E+0 0.0E+0 0.0E+0 0.0E+0 0.0E+0 0.0E+0 0.0E+0 0.0E+0 0.0E+0 0.0E+0 4.47213595499958 41.0 4.47213595499958 0.0E+0 0.0E+0 0.0E+0 0.0E+0 0.0E+0 0.0E+0 0.0E+0 0.0E+0 0.0E+0 0.0E+0 0.0E+0 0.0E+0 0.0E+0 0.0E+0 0.0E+0 0.0E+0 0.0E+0 0.0E+0 0.0E+0 0.0E+0 0.0E+0 0.0E+0 0.0E+0 0.0E+0 0.0E+0 0.0E+0 0.0E+0 0.0E+0 0.0E+0
 0.0E+0 0.0E+0 0.0E+0 0.0E+0 0.0E+0 0.0E+0 0.0E+0 0.0E+0 0.0E+0 0.0E+0 0.0E+0 0.0E+0 0.0E+0 0.0E+0 0.0E+0 0.0E+0 0.0E+0 0.0E+0 0.0E+0 4.58257569495584 43.0 4.58257569495584 0.0E+0 0.0E+0 0.0E+0 0.0E+0 0.0E+0 0.0E+0 0.0E+0 0.0E+0 0.0E+0 0.0E+0 0.0E+0 0.0E+0 0.0E+0 0.0E+0 0.0E+0 0.0E+0 0.0E+0 0.0E+0 0.0E+0 0.0E+0 0.0E+0 0.0E+0 0.0E+0 0.0E+0 0.0E+0 0.0E+0 0.0E+0 0.0E+0
 0.0E+0 0.0E+0 0.0E+0 0.0E+0 0.0E+0 0.0E+0 0.0E+0 0.0E+0 0.0E+0 0.0E+0 0.0E+0 0.0E+0 0.0E+0 0.0E+0 0.0E+0 0.0E+0 0.0E+0 0.0E+0 0.0E+0 0.0E+0 4.69041575982343 45.0 4.69041575982343 0.0E+0 0.0E+0 0.0E+0 0.0E+0 0.0E+0 0.0E+0 0.0E+0 0.0E+0 0.0E+0 0.0E+0 0.0E+0 0.0E+0 0.0E+0 0.0E+0 0.0E+0 0.0E+0 0.0E+0 0.0E+0 0.0E+0 0.0E+0 0.0E+0 0.0E+0 0.0E+0 0.0E+0 0.0E+0 0.0E+0 0.0E+0
 0.0E+0 0.0E+0 0.0E+0 0.0E+0 0.0E+0 0.0E+0 0.0E+0 0.0E+0 0.0E+0 0.0E+0 0.0E+0 0.0E+0 0.0E+0 0.0E+0 0.0E+0 0.0E+0 0.0E+0 0.0E+0 0.0E+0 0.0E+0 0.0E+0 4.795831523312719 47.0 4.795831523312719 0.0E+0 0.0E+0 0.0E+0 0.0E+0 0.0E+0 0.0E+0 0.0E+0 0.0E+0 0.0E+0 0.0E+0 0.0E+0 0.0E+0 0.0E+0 0.0E+0 0.0E+0 0.0E+0 0.0E+0 0.0E+0 0.0E+0 0.0E+0 0.0E+0 0.0E+0 0.0E+0 0.0E+0 0.0E+0 0.0E+0
 0.0E+0 0.0E+0 0.0E+0 0.0E+0 0.0E+0 0.0E+0 0.0E+0 0.0E+0 0.0E+0 0.0E+0 0.0E+0 0.0E+0 0.0E+0 0.0E+0 0.0E+0 0.0E+0 0.0E+0 0.0E+0 0.0E+0 0.0E+0 0.0E+0 0.0E+0 4.898979485566356 49.0 4.898979485566356 0.0E+0 0.0E+0 0.0E+0 0.0E+0 0.0E+0 0.0E+0 0.0E+0 0.0E+0 0.0E+0 0.0E+0 0.0E+0 0.0E+0 0.0E+0 0.0E+0 0.0E+0 0.0E+0 0.0E+0 0.0E+0 0.0E+0 0.0E+0 0.0E+0 0.0E+0 0.0E+0 0.0E+0 0.0E+0
 0.0E+0 0.0E+0 0.0E+0 0.0E+0 0.0E+0 0.0E+0 0.0E+0 0.0E+0 0.0E+0 0.0E+0 0.0E+0 0.0E+0 0.0E+0 0.0E+0 0.0E+0 0.0E+0 0.0E+0 0.0E+0 0.0E+0 0.0E+0 0.0E+0 0.0E+0 0.0E+0 5.0 51.0 5.0 0.0E+0 0.0E+0 0.0E+0 0.0E+0 0.0E+0 0.0E+0 0.0E+0 0.0E+0 0.0E+0 0.0E+0 0.0E+0 0.0E+0 0.0E+0 0.0E+0 0.0E+0 0.0E+0 0.0E+0 0.0E+0 0.0E+0 0.0E+0 0.0E+0 0.0E+0 0.0E+0 0.0E+0
 0.0E+0 0.0E+0 0.0E+0 0.0E+0 0.0E+0 0.0E+0 0.0E+0 0.0E+0 0.0E+0 0.0E+0 0.0E+0 0.0E+0 0.0E+0 0.0E+0 0.0E+0 0.0E+0 0.0E+0 0.0E+0 0.0E+0 0.0E+0 0.0E+0 0.0E+0 0.0E+0 0.0E+0 5.0990195135927844 53.0 5.0990195135927844 0.0E+0 0.0E+0 0.0E+0 0.0E+0 0.0E+0 0.0E+0 0.0E+0 0.0E+0 0.0E+0 0.0E+0 0.0E+0 0.0E+0 0.0E+0 0.0E+0 0.0E+0 0.0E+0 0.0E+0 0.0E+0 0.0E+0 0.0E+0 0.0E+0 0.0E+0 0.0E+0
 0.0E+0 0.0E+0 0.0E+0 0.0E+0 0.0E+0 0.0E+0 0.0E+0 0.0E+0 0.0E+0 0.0E+0 0.0E+0 0.0E+0 0.0E+0 0.0E+0 0.0E+0 0.0E+0 0.0E+0 0.0E+0 0.0E+0 0.0E+0 0.0E+0 0.0E+0 0.0E+0 0.0E+0 0.0E+0 5.196152422706632 55.0 5.196152422706632 0.0E+0 0.0E+0 0.0E+0 0.0E+0 0.0E+0 0.0E+0 0.0E+0 0.0E+0 0.0E+0 0.0E+0 0.0E+0 0.0E+0 0.0E+0 0.0E+0 0.0E+0 0.0E+0 0.0E+0 0.0E+0 0.0E+0 0.0E+0 0.0E+0 0.0E+0
 0.0E+0 0.0E+0 0.0E+0 0.0E+0 0.0E+0 0.0E+0 0.0E+0 0.0E+0 0.0E+0 0.0E+0 0.0E+0 0.0E+0 0.0E+0 0.0E+0 0.0E+0 0.0E+0 0.0E+0 0.0E+0 0.0E+0 0.0E+0 0.0E+0 0.0E+0 0.0E+0 0.0E+0 0.0E+0 0.0E+0 5.291502622129181 57.0 5.291502622129181 0.0E+0 0.0E+0 0.0E+0 0.0E+0 0.0E+0 0.0E+0 0.0E+0 0.0E+0 0.0E+0 0.0E+0 0.0E+0 0.0E+0 0.0E+0 0.0E+0 0.0E+0 0.0E+0 0.0E+0 0.0E+0 0.0E+0 0.0E+0 0.0E+0
 0.0E+0 0.0E+0 0.0E+0 0.0E+0 0.0E+0 0.0E+0 0.0E+0 0.0E+0 0.0E+0 0.0E+0 0.0E+0 0.0E+0 0.0E+0 0.0E+0 0.0E+0 0.0E+0 0.0E+0 0.0E+0 0.0E+0 0.0E+0 0.0E+0 0.0E+0 0.0E+0 0.0E+0 0.0E+0 0.0E+0 0.0E+0 5.385164807134504 59.0 5.385164807134504 0.0E+0 0.0E+0 0.0E+0 0.0E+0 0.0E+0 0.0E+0 0.0E+0 0.0E+0 0.0E+0 0.0E+0 0.0E+0 0.0E+0 0.0E+0 0.0E+0 0.0E+0 0.0E+0 0.0E+0 0.0E+0 0.0E+0 0.0E+0
 0.0E+0 0.0E+0 0.0E+0 0.0E+0 0.0E+0 0.0E+0 0.0E+0 0.0E+0 0.0E+0 0.0E+0 0.0E+0 0.0E+0 0.0E+0 0.0E+0 0.0E+0 0.0E+0 0.0E+0 0.0E+0 0.0E+0 0.0E+0 0.0E+0 0.0E+0 0.0E+0 0.0E+0 0.0E+0 0.0E+0 0.0E+0 0.0E+0 5.477225575051661 61.0 5.477225575051661 0.0E+0 0.0E+0 0.0E+0 0.0E+0 0.0E+0 0.0E+0 0.0E+0 0.0E+0 0.0E+0 0.0E+0 0.0E+0 0.0E+0 0.0E+0 0.0E+0 0.0E+0 0.0E+0 0.0E+0 0.0E+0 0.0E+0
 0.0E+0 0.0E+0 0.0E+0 0.0E+0 0.0E+0 0.0E+0 0.0E+0 0.0E+0 0.0E+0 0.0E+0 0.0E+0 0.0E+0 0.0E+0 0.0E+0 0.0E+0 0.0E+0 0.0E+0 0.0E+0 0.0E+0 0.0E+0 0.0E+0 0.0E+0 0.0E+0 0.0E+0 0.0E+0 0.0E+0 0.0E+0 0.0E+0 0.0E+0 5.5677643628300215 63.0 5.5677643628300215 0.0E+0 0.0E+0 0.0E+0 0.0E+0 0.0E+0 0.0E+0 0.0E+0 0.0E+0 0.0E+0 0.0E+0 0.0E+0 0.0E+0 0.0E+0 0.0E+0 0.0E+0 0.0E+0 0.0E+0 0.0E+0
 0.0E+0 0.0E+0 0.0E+0 0.0E+0 0.0E+0 0.0E+0 0.0E+0 0.0E+0 0.0E+0 0.0E+0 0.0E+0 0.0E+0 0.0E+0 0.0E+0 0.0E+0 0.0E+0 0.0E+0 0.0E+0 0.0E+0 0.0E+0 0.0E+0 0.0E+0 0.0E+0 0.0E+0 0.0E+0 0.0E+0 0.0E+0 0.0E+0 0.0E+0 0.0E+0 5.656854249492381 65.0 5.656854249492381 0.0E+0 0.0E+0 0.0E+0 0.0E+0 0.0E+0 0.0E+0 0.0E+0 0.0E+0 0.0E+0 0.0E+0 0.0E+0 0.0E+0 0.0E+0 0.0E+0 0.0E+0 0.0E+0 0.0E+0
 0.0E+0 0.0E+0 0.0E+0 0.0E+0 0.0E+0 0.0E+0 0.0E+0 0.0E+0 0.0E+0 0.0E+0 0.0E+0 0.0E+0 0.0E+0 0.0E+0 0.0E+0 0.0E+0 0.0E+0 0.0E+0 0.0E+0 0.0E+0 0.0E+0 0.0E+0 0.0E+0 0.0E+0 0.0E+0 0.0E+0 0.0E+0 0.0E+0 0.0E+0 0.0E+0 0.0E+0 5.744562646538029 67.0 5.744562646538029 0.0E+0 0.0E+0 0.0E+0 0.0E+0 0.0E+0 0.0E+0 0.0E+0 0.0E+0 0.0E+0 0.0E+0 0.0E+0 0.0E+0 0.0E+0 0.0E+0 0.0E+0 0.0E+0
 0.0E+0 0.0E+0 0.0E+0 0.0E+0 0.0E+0 0.0E+0 0.0E+0 0.0E+0 0.0E+0 0.0E+0 0.0E+0 0.0E+0 0.0E+0 0.0E+0 0.0E+0 0.0E+0 0.0E+0 0.0E+0 0.0E+0 0.0E+0 0.0E+0 0.0E+0 0.0E+0 0.0E+0 0.0E+0 0.0E+0 0.0E+0 0.0E+0 0.0E+0 0.0E+0 0.0E+0 0.0E+0 5.830951894845301 69.0 5.830951894845301 0.0E+0 0.0E+0 0.0E+0 0.0E+0 0.0E+0 0.0E+0 0.0E+0 0.0E+0 0.0E+0 0.0E+0 0.0E+0 0.0E+0 0.0E+0 0.0E+0 0.0E+0
 0.0E+0 0.0E+0 0.0E+0 0.0E+0 0.0E+0 0.0E+0 0.0E+0 0.0E+0 0.0E+0 0.0E+0 0.0E+0 0.0E+0 0.0E+0 0.0E+0 0.0E+0 0.0E+0 0.0E+0 0.0E+0 0.0E+0 0.0E+0 0.0E+0 0.0E+0 0.0E+0 0.0E+0 0.0E+0 0.0E+0 0.0E+0 0.0E+0 0.0E+0 0.0E+0 0.0E+0 0.0E+0 0.0E+0 5.916079783099616 71.0 5.916079783099616 0.0E+0 0.0E+0 0.0E+0 0.0E+0 0.0E+0 0.0E+0 0.0E+0 0.0E+0 0.0E+0 0.0E+0 0.0E+0 0.0E+0 0.0E+0 0.0E+0
 0.0E+0 0.0E+0 0.0E+0 0.0E+0 0.0E+0 0.0E+0 0.0E+0 0.0E+0 0.0E+0 0.0E+0 0.0E+0 0.0E+0 0.0E+0 0.0E+0 0.0E+0 0.0E+0 0.0E+0 0.0E+0 0.0E+0 0.0E+0 0.0E+0 0.0E+0 0.0E+0 0.0E+0 0.0E+0 0.0E+0 0.0E+0 0.0E+0 0.0E+0 0.0E+0 0.0E+0 0.0E+0 0.0E+0 0.0E+0 6.0 73.0 6.0 0.0E+0 0.0E+0 0.0E+0 0.0E+0 0.0E+0 0.0E+0 0.0E+0 0.0E+0 0.0E+0 0.0E+0 0.0E+0 0.0E+0 0.0E+0
 0.0E+0 0.0E+0 0.0E+0 0.0E+0 0.0E+0 0.0E+0 0.0E+0 0.0E+0 0.0E+0 0.0E+0 0.0E+0 0.0E+0 0.0E+0 0.0E+0 0.0E+0 0.0E+0 0.0E+0 0.0E+0 0.0E+0 0.0E+0 0.0E+0 0.0E+0 0.0E+0 0.0E+0 0.0E+0 0.0E+0 0.0E+0 0.0E+0 0.0E+0 0.0E+0 0.0E+0 0.0E+0 0.0E+0 0.0E+0 0.0E+0 6.082762530298219 75.0 6.082762530298219 0.0E+0 0.0E+0 0.0E+0 0.0E+0 0.0E+0 0.0E+0 0.0E+0 0.0E+0 0.0E+0 0.0E+0 0.0E+0 0.0E+0
 0.0E+0 0.0E+0 0.0E+0 0.0E+0 0.0E+0 0.0E+0 0.0E+0 0.0E+0 0.0E+0 0.0E+0 0.0E+0 0.0E+0 0.0E+0 0.0E+0 0.0E+0 0.0E+0 0.0E+0 0.0E+0 0.0E+0 0.0E+0 0.0E+0 0.0E+0 0.0E+0 0.0E+0 0.0E+0 0.0E+0 0.0E+0 0.0E+0 0.0E+0 0.0E+0 0.0E+0 0.0E+0 0.0E+0 0.0E+0 0.0E+0 0.0E+0 6.164414002968976 77.0 6.164414002968976 0.0E+0 0.0E+0 0.0E+0 0.0E+0 0.0E+0 0.0E+0 0.0E+0 0.0E+0 0.0E+0 0.0E+0 0.0E+0
 0.0E+0 0.0E+0 0.0E+0 0.0E+0 0.0E+0 0.0E+0 0.0E+0 0.0E+0 0.0E+0 0.0E+0 0.0E+0 0.0E+0 0.0E+0 0.0E+0 0.0E+0 0.0E+0 0.0E+0 0.0E+0 0.0E+0 0.0E+0 0.0E+0 0.0E+0 0.0E+0 0.0E+0 0.0E+0 0.0E+0 0.0E+0 0.0E+0 0.0E+0 0.0E+0 0.0E+0 0.0E+0 0.0E+0 0.0E+0 0.0E+0 0.0E+0 0.0E+0 6.244997998398398 79.0 6.244997998398398 0.0E+0 0.0E+0 0.0E+0 0.0E+0 0.0E+0 0.0E+0 0.0E+0 0.0E+0 0.0E+0 0.0E+0
 0.0E+0 0.0E+0 0.0E+0 0.0E+0 0.0E+0 0.0E+0 0.0E+0 0.0E+0 0.0E+0 0.0E+0 0.0E+0 0.0E+0 0.0E+0 0.0E+0 0.0E+0 0.0E+0 0.0E+0 0.0E+0 0.0E+0 0.0E+0 0.0E+0 0.0E+0 0.0E+0 0.0E+0 0.0E+0 0.0E+0 0.0E+0 0.0E+0 0.0E+0 0.0E+0 0.0E+0 0.0E+0 0.0E+0 0.0E+0 0.0E+0 0.0E+0 0.0E+0 0.0E+0 6.324555320336759 81.0 6.324555320336759 0.0E+0 0.0E+0 0.0E+0 0.0E+0 0.0E+0 0.0E+0 0.0E+0 0.0E+0 0.0E+0
 0.0E+0 0.0E+0 0.0E+0 0.0E+0 0.0E+0 0.0E+0 0.0E+0 0.0E+0 0.0E+0 0.0E+0 0.0E+0 0.0E+0 0.0E+0 0.0E+0 0.0E+0 0.0E+0 0.0E+0 0.0E+0 0.0E+0 0.0E+0 0.0E+0 0.0E+0 0.0E+0 0.0E+0 0.0E+0 0.0E+0 0.0E+0 0.0E+0 0.0E+0 0.0E+0 0.0E+0 0.0E+0 0.0E+0 0.0E+0 0.0E+0 0.0E+0 0.0E+0 0.0E+0 0.0E+0 6.4031242374328485 83.0 6.4031242374328485 0.0E+0 0.0E+0 0.0E+0 0.0E+0 0.0E+0 0.0E+0 0.0E+0 0.0E+0
 0.0E+0 0.0E+0 0.0E+0 0.0E+0 0.0E+0 0.0E+0 0.0E+0 0.0E+0 0.0E+0 0.0E+0 0.0E+0 0.0E+0 0.0E+0 0.0E+0 0.0E+0 0.0E+0 0.0E+0 0.0E+0 0.0E+0 0.0E+0 0.0E+0 0.0E+0 0.0E+0 0.0E+0 0.0E+0 0.0E+0 0.0E+0 0.0E+0 0.0E+0 0.0E+0 0.0E+0 0.0E+0 0.0E+0 0.0E+0 0.0E+0 0.0E+0 0.0E+0 0.0E+0 0.0E+0 0.0E+0 6.48074069840786 85.0 6.48074069840786 0.0E+0 0.0E+0 0.0E+0 0.0E+0 0.0E+0 0.0E+0 0.0E+0
 0.0E+0 0.0E+0 0.0E+0 0.0E+0 0.0E+0 0.0E+0 0.0E+0 0.0E+0 0.0E+0 0.0E+0 0.0E+0 0.0E+0 0.0E+0 0.0E+0 0.0E+0 0.0E+0 0.0E+0 0.0E+0 0.0E+0 0.0E+0 0.0E+0 0.0E+0 0.0E+0 0.0E+0 0.0E+0 0.0E+0 0.0E+0 0.0E+0 0.0E+0 0.0E+0 0.0E+0 0.0E+0 0.0E+0 0.0E+0 0.0E+0 0.0E+0 0.0E+0 0.0E+0 0.0E+0 0.0E+0 0.0E+0 6.557438524302 87.0 6.557438524302 0.0E+0 0.0E+0 0.0E+0 0.0E+0 0.0E+0 0.0E+0
 0.0E+0 0.0E+0 0.0E+0 0.0E+0 0.0E+0 0.0E+0 0.0E+0 0.0E+0 0.0E+0 0.0E+0 0.0E+0 0.0E+0 0.0E+0 0.0E+0 0.0E+0 0.0E+0 0.0E+0 0.0E+0 0.0E+0 0.0E+0 0.0E+0 0.0E+0 0.0E+0 0.0E+0 0.0E+0 0.0E+0 0.0E+0 0.0E+0 0.0E+0 0.0E+0 0.0E+0 0.0E+0 0.0E+0 0.0E+0 0.0E+0 0.0E+0 0.0E+0 0.0E+0 0.0E+0 0.0E+0 0.0E+0 0.0E+0 6.6332495807108 89.0 6.6332495807108 0.0E+0 0.0E+0 0.0E+0 0.0E+0 0.0E+0
 0.0E+0 0.0E+0 0.0E+0 0.0E+0 0.0E+0 0.0E+0 0.0E+0 0.0E+0 0.0E+0 0.0E+0 0.0E+0 0.0E+0 0.0E+0 0.0E+0 0.0E+0 0.0E+0 0.0E+0 0.0E+0 0.0E+0 0.0E+0 0.0E+0 0.0E+0 0.0E+0 0.0E+0 0.0E+0 0.0E+0 0.0E+0 0.0E+0 0.0E+0 0.0E+0 0.0E+0 0.0E+0 0.0E+0 0.0E+0 0.0E+0 0.0E+0 0.0E+0 0.0E+0 0.0E+0 0.0E+0 0.0E+0 0.0E+0 0.0E+0 6.708203932499369 91.0 6.708203932499369 0.0E+0 0.0E+0 0.0E+0 0.0E+0
 0.0E+0 0.0E+0 0.0E+0 0.0E+0 0.0E+0 0.0E+0 0.0E+0 0.0E+0 0.0E+0 0.0E+0 0.0E+0 0.0E+0 0.0E+0 0.0E+0 0.0E+0 0.0E+0 0.0E+0 0.0E+0 0.0E+0 0.0E+0 0.0E+0 0.0E+0 0.0E+0 0.0E+0 0.0E+0 0.0E+0 0.0E+0 0.0E+0 0.0E+0 0.0E+0 0.0E+0 0.0E+0 0.0E+0 0.0E+0 0.0E+0 0.0E+0 0.0E+0 0.0E+0 0.0E+0 0.0E+0 0.0E+0 0.0E+0 0.0E+0 0.0E+0 6.782329983125268 93.0 6.782329983125268 0.0E+0 0.0E+0 0.0E+0
 0.0E+0 0.0E+0 0.0E+0 0.0E+0 0.0E+0 0.0E+0 0.0E+0 0.0E+0 0.0E+0 0.0E+0 0.0E+0 0.0E+0 0.0E+0 0.0E+0 0.0E+0 0.0E+0 0.0E+0 0.0E+0 0.0E+0 0.0E+0 0.0E+0 0.0E+0 0.0E+0 0.0E+0 0.0E+0 0.0E+0 0.0E+0 0.0E+0 0.0E+0 0.0E+0 0.0E+0 0.0E+0 0.0E+0 0.0E+0 0.0E+0 0.0E+0 0.0E+0 0.0E+0 0.0E+0 0.0E+0 0.0E+0 0.0E+0 0.0E+0 0.0E+0 0.0E+0 6.855654600401044 95.0 6.855654600401044 0.0E+0 0.0E+0
 0.0E+0 0.0E+0 0.0E+0 0.0E+0 0.0E+0 0.0E+0 0.0E+0 0.0E+0 0.0E+0 0.0E+0 0.0E+0 0.0E+0 0.0E+0 0.0E+0 0.0E+0 0.0E+0 0.0E+0 0.0E+0 0.0E+0 0.0E+0 0.0E+0 0.0E+0 0.0E+0 0.0E+0 0.0E+0 0.0E+0 0.0E+0 0.0E+0 0.0E+0 0.0E+0 0.0E+0 0.0E+0 0.0E+0 0.0E+0 0.0E+0 0.0E+0 0.0E+0 0.0E+0 0.0E+0 0.0E+0 0.0E+0 0.0E+0 0.0E+0 0.0E+0 0.0E+0 0.0E+0 6.928203230275509 97.0 6.928203230275509 0.0E+0
 0.0E+0 0.0E+0 0.0E+0 0.0E+0 0.0E+0 0.0E+0 0.0E+0 0.0E+0 0.0E+0 0.0E+0 0.0E+0 0.0E+0 0.0E+0 0.0E+0 0.0E+0 0.0E+0 0.0E+0 0.0E+0 0.0E+0 0.0E+0 0.0E+0 0.0E+0 0.0E+0 0.0E+0 0.0E+0 0.0E+0 0.0E+0 0.0E+0 0.0E+0 0.0E+0 0.0E+0 0.0E+0 0.0E+0 0.0E+0 0.0E+0 0.0E+0 0.0E+0 0.0E+0 0.0E+0 0.0E+0 0.0E+0 0.0E+0 0.0E+0 0.0E+0 0.0E+0 0.0E+0 0.0E+0 7.0 99.0 7.0
 0.0E+0 0.0E+0 0.0E+0 0.0E+0 0.0E+0 0.0E+0 0.0E+0 0.0E+0 0.0E+0 0.0E+0 0.0E+0 0.0E+0 0.0E+0 0.0E+0 0.0E+0 0.0E+0 0.0E+0 0.0E+0 0.0E+0 0.0E+0 0.0E+0 0.0E+0 0.0E+0 0.0E+0 0.0E+0 0.0E+0 0.0E+0 0.0E+0 0.0E+0 0.0E+0 0.0E+0 0.0E+0 0.0E+0 0.0E+0 0.0E+0 0.0E+0 0.0E+0 0.0E+0 0.0E+0 0.0E+0 0.0E+0 0.0E+0 0.0E+0 0.0E+0 0.0E+0 0.0E+0 0.0E+0 0.0E+0 1.0 1.0
 
 B= 
    1.00000000000000
    1.41421356237310
    1.73205080756888
    2.00000000000000
    2.23606797749979
    2.44948974278318
    2.64575131106459
    2.82842712474619
    3.00000000000000
    3.16227766016838
    3.31662479035540
    3.46410161513775
    3.60555127546399
    3.74165738677394
    3.87298334620742
    4.00000000000000
    4.12310562561766
    4.24264068711928
    4.35889894354067
    4.47213595499958
    4.58257569495584
    4.69041575982343
    4.79583152331272
    4.89897948556636
    5.00000000000000
    5.09901951359278
    5.19615242270663
    5.29150262212918
    5.38516480713450
    5.47722557505166
    5.56776436283002
    5.65685424949238
    5.74456264653803
    5.83095189484530
    5.91607978309962
    6.00000000000000
    6.08276253029822
    6.16441400296898
    6.24499799839840
    6.32455532033676
    6.40312423743285
    6.48074069840786
    6.55743852430200
    6.63324958071080
    6.70820393249937
    6.78232998312527
    6.85565460040104
    6.92820323027551
    7.00000000000000
    0.00000000000000
 W=  1.2
 X0= 
    0.00000000000000
    0.00000000000000
    0.00000000000000
    0.00000000000000
    0.00000000000000
    0.00000000000000
    0.00000000000000
    0.00000000000000
    0.00000000000000
    0.00000000000000
    0.00000000000000
    0.00000000000000
    0.00000000000000
    0.00000000000000
    0.00000000000000
    0.00000000000000
    0.00000000000000
    0.00000000000000
    0.00000000000000
    0.00000000000000
    0.00000000000000
    0.00000000000000
    0.00000000000000
    0.00000000000000
    0.00000000000000
    0.00000000000000
    0.00000000000000
    0.00000000000000
    0.00000000000000
    0.00000000000000
    0.00000000000000
    0.00000000000000
    0.00000000000000
    0.00000000000000
    0.00000000000000
    0.00000000000000
    0.00000000000000
    0.00000000000000
    0.00000000000000
    0.00000000000000
    0.00000000000000
    0.00000000000000
    0.00000000000000
    0.00000000000000
    0.00000000000000
    0.00000000000000
    0.00000000000000
    0.00000000000000
    0.00000000000000
    0.00000000000000
 
 ITERACION----------------------------APROXIMACION
 1 1.2 -0.06788225099390853 0.3170787968952805 0.1821123208279252 0.19951117620963251 0.1809959227464993 0.1733504888928556 0.1650436164616676 0.1582022621441051 0.15211418176011282 0.14671925865209645 0.14188085732492222 0.13751078086098628 0.13353679273673293 0.1299018414902748 0.1265597321468691 0.12347267938375682 0.12060942077247969 0.11794383590013721 0.11545390495024407 0.11312091449980771 0.11092884372501045 0.10886388453783022 0.10691406241215823 0.10506893383386375 0.10331934271022317 0.10165722261317343 0.10007543499185693 0.09856763586219008 0.09712816522691595 0.09575195477814348 0.09443445041000191 0.09317154680895015 0.09195953195537365 0.09079503980679088 0.0896750097724809 0.08859665185520073 0.0875574165452978 0.08655496871890753 0.08558716492480016 0.08465203355117634 0.08374775744992607 0.08287265866587525 0.08202518497568081 0.08120389798788816 0.08040746259426282 0.0796346375944435 0.0788842673424973 0.07815527428609115 -0.09378632914330938
 2 1.0414587011926903 -0.10811521198089656 0.21153579298082147 0.12063167738362723 0.1304550185455683 0.12121508639024353 0.11640046003666871 0.1118195122465569 0.10782474239096788 0.10428224091312148 0.10110106077054135 0.09822507409426284 0.09560548742369504 0.09320517485008756 0.0909939873662308 0.08894744749790073 0.08704536777462817 0.08527093155972706 0.08360999176566443 0.08205054376010074 0.08058232066019952 0.07919647907696717 0.0778853521550307 0.07664225343700481 0.0754613195688475 0.07433738302295656 0.07326586825906428 0.07224270635956373 0.07126426435529006 0.07032728632836606 0.06942884402837425 0.0685662952278176 0.06773724841546698 0.06693953271225685 0.06617117211581812 0.06543036335247183 0.06471545675124073 0.06402493966183476 0.06335742202409736 0.06271162376493647 0.06208636375400395 0.06148055009415501 0.06089317155919435 0.06032329002127797 0.05977003373490856 0.059232591364766523 0.05871020666146897 0.0582021737033943 0.07223669166495639 -0.0679267641692858
 3 1.121446514138538 -0.09139490034585622 0.24593476556781765 0.14216972209303826 0.15359499354438543 0.14081593490394767 0.1349071676362466 0.12882745800130732 0.12374058225380938 0.11921589212348552 0.11519481522113263 0.11158064660231284 0.10830936899212082 0.10532858618502562 0.10259689942428461 0.100080726180578 0.09775256631493892 0.09558963592869726 0.09357287401501471 0.09168619116434872 0.08991589652709028 0.08825025454425348 0.0866791381369455 0.08519375444285217 0.08378642579613536 0.0824504132418421 0.08117977313757783 0.07996923973877593 0.07881412836941298 0.07771025503556266 0.07665386927348436 0.07564159772621522 0.07467039647547405 0.07373751056354727 0.07284043945460707 0.07197690742975078 0.07114483810188266 0.07034233238790435 0.06956764939586285 0.06881918978073245 0.06809548119968732 0.06739516556009477 0.06671698780413841 0.06605978601536093 0.06542248266636955 0.0648040768549318 0.06420363739885702 0.062375032084670545 0.0708722025711579 -0.07146129025153232
 4 1.0853845775873198 -0.09417453398679858 0.23348516744358696 0.1350113459845997 0.14593184791483954 0.13444396269466896 0.12895461484014061 0.12343666192862632 0.11874929436041694 0.11458433178734072 0.11086644998106468 0.10751687739795035 0.10447706143560544 0.10170080296357402 0.09915107860262112 0.09679787004860295 0.09461651362012431 0.09258652906034859 0.09069074144407015 0.08891462076080325 0.08724577632387512 0.08567356509142811 0.08418878461055826 0.08278342974082398 0.08145049801928281 0.08018383253947459 0.07897799406013732 0.07782815610575823 0.07673001831185255 0.07567973436669216 0.07467385171991581 0.0737092608446224 0.07278315230766387 0.07189298026163679 0.07103643124933412 0.0702113974273545 0.06941595348497233 0.06864833666819486 0.0679069294253348 0.06719024427555204 0.06649691057031872 0.06582566287318972 0.06517533072834965 0.06454482962526756 0.06393315299706985 0.063339365115227 0.0628704318663455 0.06177167908830351 0.0714961931602242 -0.07150317374196256
 5 1.0959325252666942 -0.09297316569460805 0.23774385967394623 0.1373508754460705 0.14844812970614593 0.13649532119003357 0.13085195110723404 0.12513253996921971 0.12030378647930519 0.11601188711189817 0.11218829688854474 0.10874706279669787 0.10562773014191741 0.10278171158853362 0.10017036300013682 0.09776233484551415 0.09553191398514545 0.09345777112842432 0.09152203993283932 0.08970962149626381 0.08800765311090436 0.08640509696969378 0.0848924180616734 0.08346132920570781 0.08210458724965139 0.08081582869650376 0.07958943602568579 0.0784204281391072 0.07730436993562063 0.07623729717680754 0.07521565367028885 0.07423623844602074 0.07329616109396989 0.07239280380911921 0.07152378898133506 0.07068695139456453 0.06988031427775367 0.06910206859033753 0.06835055503676336 0.06762424839374233 0.06692174380568988 0.06624174476184903 0.06558305251577051 0.06494455674637341 0.06432522729145555 0.06371466956141823 0.06315682146243258 0.061814321247087536 0.07137133067055061 -0.07134496205626822
 6 1.0923812937801906 -0.0934535594919599 0.23634010109728856 0.1365862966965367 0.14763098313147585 0.1358408113150975 0.13025206775864828 0.12460277320772853 0.11982278074884128 0.11557443471728217 0.11178675196268513 0.10837646375385383 0.10528377161755408 0.10246097104802061 0.09986999773387574 0.09747998223540316 0.09526558636572974 0.09320578319921925 0.09128295137516192 0.08948219266515213 0.08779081011522016 0.0861979039374037 0.08469405489278677 0.08327107357494565 0.08192179992989922 0.08063994150124497 0.0794199418343531 0.07825687259211485 0.07714634447770516 0.07608443319669411 0.07506761753758108 0.07409272728685268 0.07315689917844465 0.07225753944813287 0.07139229184969917 0.07055901021262599 0.06975573479588168 0.06898067183039785 0.06823217575255522 0.06750873371873738 0.0668089520615931 0.06613154440574134 0.06547532120707784 0.06483918051778426 0.06422293462777653 0.06362349762515454 0.06310374611238023 0.0618210438196521 0.07138230874657245 -0.07138977808463329
 7 1.0936680126343136 -0.09331775613338278 0.23680755068525194 0.13683246497623191 0.14789402112622795 0.13604787629677272 0.1304403475209279 0.12476717037662888 0.11997071867454334 0.11570775238198028 0.1119081204244335 0.10848759514300271 0.10538615250211786 0.10255577252402294 0.0999581888162492 0.09756236352644972 0.09534282809820491 0.09327845077183919 0.09135152566165557 0.08954708558723902 0.0878523768825358 0.08625645273047014 0.08474985460241234 0.08332436004061475 0.08197278100909548 0.08068880121964916 0.07946684380733075 0.0783019628638697 0.07718975389162155 0.0761262793856348 0.07510800660408798 0.07413175522876868 0.07319465310432395 0.07229409861812552 0.07142772857078825 0.07059339061172105 0.06978911949000437 0.06901311650978266 0.06826373168974685 0.06753944821454967 0.06683886883699447 0.06616070394726163 0.06550376107212648 0.06486686094164433 0.06424900960903786 0.06364409492093381 0.06311199534347163 0.06181805133782474 0.07138416961102077 -0.07138304791629826
 8 1.0932477048331967 -0.09336091725813328 0.23665378327508826 0.13675409249773598 0.14781002096160805 0.13598288497999005 0.13038165131538656 0.12471647350506332 0.1199254766233357 0.11566733268633198 0.11187161068918125 0.10845441601614632 0.10535580154566912 0.10252785700395001 0.09993238498594537 0.09753840539156092 0.09532049400919342 0.09325755464510276 0.09133190995559463 0.08952861595357127 0.08783493797237309 0.08623994488923395 0.08473419123700364 0.08330946550449347 0.08195858888945823 0.08067525293980675 0.0794538874782401 0.07828955233418806 0.07717784795711656 0.07611484112740616 0.07509700283159391 0.07412115600865282 0.0731844313598937 0.07228422978732828 0.07141819031287477 0.0705841625546321 0.06978018301197694 0.06900445454984111 0.06825532858267756 0.06753128954671299 0.06683094131993891 0.06615299530660287 0.06549626670269518 0.06485966306133571 0.06424260930274313 0.063639813655093 0.06311097538737961 0.06181857776016147 0.07138318172740746 -0.0713832084896293
 9 1.0933835597431207 -0.09334620532899718 0.23670343903813742 0.13677892550052067 0.14783661700034597 0.1360031413075921 0.1303998336052229 0.1247320154602977 0.11993923871070827 0.115679527161388 0.111882543847521 0.1084642805723556 0.10536476434477136 0.10253604755770789 0.09993990965829502 0.09754535111550769 0.09532693290645473 0.09326354698823834 0.09133750655060739 0.08953385994206206 0.08783986624160066 0.08624458917919613 0.08473857901954034 0.08331362068713791 0.08196253238364427 0.08067900312304431 0.07945746057271622 0.07829296271896362 0.07718110842716866 0.07611796310982245 0.07509999656699932 0.07412403070424953 0.07318719531918846 0.07228689052060713 0.07142075463169614 0.07058663665298527 0.06978257253626423 0.06900676465944879 0.06825756400258913 0.06753345461336589 0.06683304002132225 0.06615503069956541 0.06549823251028357 0.06486149924598195 0.06424410565547396 0.06364062821691654 0.06311106325239725 0.06181854961604556 0.07138339531651956 -0.07138343268189762
 10 1.0933387344461722 -0.09335078722938567 0.2366874948675402 0.13677111840179287 0.14782826099383147 0.13599686825312956 0.1303942352907461 0.12472727714195443 0.11993507354775136 0.11567586527891378 0.11187928389716735 0.10846135940923081 0.1053621273823679 0.10253365269650011 0.09993772244967287 0.0975433435432799 0.09532508182535629 0.09326183314005253 0.09133591376930188 0.08953237455639913 0.08783847660864638 0.08624328531938898 0.08473735232778333 0.08331246370221637 0.08196143860265225 0.08067796685089865 0.07945647679925166 0.07829202701788297 0.07718021687244012 0.07611711220610445 0.0750991831914173 0.07412325205741763 0.0731864488838041 0.07228617402628404 0.07142006602496283 0.0705859740715833 0.06978193428704137 0.06900614919927232 0.06825696992180667 0.06753288062142455 0.06683248499142198 0.06615449454495813 0.06549772176439266 0.06486104385926182 0.06424377461235847 0.06364048658602414 0.06311106038152615 0.06181853718426507 0.07138337267588916 -0.07138336067468748
 11 1.0933531977860284 -0.0933493682386878 0.23669258047783203 0.1367735519271978 0.14783086878945886 0.13599879904050643 0.13039594919594027 0.12472871420825458 0.11993632812445991 0.11567696002959595 0.11188025193200946 0.1084622211459195 0.10536290045302928 0.10253435061576568 0.09993835623710487 0.0975439221186224 0.09532561252785644 0.09326232205083838 0.0913363659727411 0.08953279433535337 0.08783886759665387 0.08624365061929808 0.08473769460540126 0.08331278526082388 0.08196174144279629 0.08067825271873807 0.07945674722592794 0.0782922833517984 0.07718046030588842 0.07611734379737195 0.07509940388322847 0.07412346269241045 0.07318665021757854 0.07228636673845618 0.07142025072857176 0.0705861513211297 0.06978210458538514 0.06900631300357356 0.06825712764866176 0.06753303264596228 0.06683263155835469 0.06615463509563577 0.06549785238968109 0.06486115286138966 0.0642438437073166 0.06364050911667218 0.06311106008116124 0.061818541636887686 0.07138337071651427 -0.07138337272487963
 12 1.0933486023292198 -0.09334981840043623 0.23669097444949546 0.13677279808417261 0.14783006013277963 0.1359982082002355 0.13039542730261133 0.124728280512062 0.11993595195668862 0.11567663412814432 0.11187996560341856 0.10846196786463011 0.10536267458711822 0.10253414787456476 0.09993817313383638 0.09754375584366566 0.09532546077838719 0.09326218292646812 0.0913362378906696 0.0895326759673355 0.08783875781996167 0.08624354847862276 0.08473759928286227 0.08331269605217607 0.08196165773839205 0.08067817398817755 0.07945667300559407 0.07829221323466502 0.07718039393313453 0.07611728085144066 0.07509934408204921 0.07412340578456397 0.07318659597823039 0.07228631496592039 0.07142020124139353 0.07058610395559863 0.0697820591934062 0.06900626945083774 0.06825708581357652 0.06753299242798269 0.06683259295663951 0.06615459856600493 0.06549781970967244 0.0648611278041176 0.06424383011182971 0.06364050582662323 0.06311106004055797 0.06181854091778076 0.07138337219184493 -0.07138337208523798
 13 1.0933500616146794 -0.0933496785619025 0.23669147796721567 0.13677303022316672 0.1478303093637997 0.13599838801907693 0.13039558541698387 0.12472841078646386 0.11993606425642074 0.11567673075572449 0.1118800499766972 0.10846204204784111 0.10536274036129709 0.10253420658853962 0.09993822588024069 0.0975438034991028 0.09532550405866069 0.09326222241999811 0.09133627408572764 0.08953270927217044 0.08783878857842892 0.08624357698228687 0.08473762578049879 0.08331272075728804 0.08196168083520797 0.08067819563647415 0.07945669334460187 0.07829223238625356 0.07718041200442605 0.07611729793696806 0.07509936026554771 0.07412342114046672 0.07318661057292326 0.07228632885879979 0.07142021448576233 0.07058611659942804 0.06978207127998658 0.06900628101928775 0.06825709689830885 0.06753300304984053 0.06683260307540216 0.0661546079361229 0.06549782766453692 0.06486113332005278 0.06424383263402555 0.0636405062674591 0.06311106007277627 0.061818540932390524 0.07138337184126656 -0.07138337179247227
 14 1.0933496019513471 -0.0933497214142821 0.236691321060123 0.13677295917565393 0.14783023298449551 0.13599833357445834 0.13039553774396947 0.12472837182862151 0.1199360308695766 0.11567670221687915 0.1118800252036814 0.10846202039365353 0.10536272126775185 0.10253418963536663 0.09993821072801694 0.0975437898766627 0.09532549174537504 0.09326221123518036 0.09133626387998003 0.08953269992102131 0.08783877997740014 0.08624356904308657 0.08473761842803985 0.0833127139273363 0.08196167447251011 0.08067818969325687 0.07945668777935938 0.07829222716276131 0.07718040709093356 0.0761172933055341 0.07509935589148964 0.07412341700190203 0.07318660665038577 0.07228632513491695 0.07142021094498241 0.07058611322778868 0.06978206806492245 0.06900627794956825 0.06825709396496102 0.06753300025221633 0.06683260044319911 0.06615460557511404 0.06549782578820906 0.06486113215910119 0.0642438321932877 0.06364050621504307 0.06311106006960655 0.06181854095978822 0.07138337188421685 -0.07138337190256577
 15 1.093349745306869 -0.09334970824425051 0.23669136962669662 0.13677298080188465 0.14783025626589954 0.1359983499784897 0.13039555205231437 0.12472838342928255 0.11993604075628563 0.11567671061462739 0.11188003245219598 0.10846202669404577 0.1053627267935341 0.10253419451643624 0.0999382150689849 0.09754379376076056 0.09532549524008838 0.09326221439557657 0.09133626675143314 0.08953270254120554 0.08783878237783269 0.08624357125031495 0.08473762046456916 0.08331271581235875 0.08196167622248438 0.08067819132237114 0.07945668929990467 0.07829222858543426 0.07718040842508372 0.07611729455936703 0.07509935707223471 0.07412341811595195 0.07318660770341295 0.0722863261319712 0.07142021189057335 0.070586114125955 0.06978206891927996 0.06900627876323824 0.06825709473982992 0.06753300098576802 0.06683260112030202 0.06615460615703628 0.06549782621584634 0.06486113239246319 0.06424383226542882 0.06364050621949033 0.0631110600674828 0.061818540950809464 0.0713833718857299 -0.07138337188236271
 16 1.0933497008317267 -0.0933497122669347 0.23669135468648414 0.13677297425232073 0.1478302492057723 0.13599834505881255 0.13039554777654763 0.12472837998890507 0.11993603783965251 0.11567670815229988 0.11188003033834937 0.10846202486664132 0.10536272519903782 0.10253419311499377 0.0999382138285868 0.09754379265604059 0.09532549425054786 0.09326221350454775 0.09133626594522826 0.0895327018084974 0.08783878170917594 0.08624357063777888 0.0847376199014515 0.08331271529296112 0.08196167574193462 0.08067819087648131 0.0794566888850571 0.07829222819848931 0.07718040806330449 0.07611729422035793 0.07509935675389055 0.0741234178164159 0.07318660742104148 0.07228632586530467 0.07142021163831144 0.07058611388693697 0.06978206869248091 0.06900627854785182 0.06825709453570261 0.06753300079474124 0.06683260094869417 0.06615460601722699 0.06549782612185727 0.06486113234774481 0.06424383225456298 0.06364050621973764 0.06311106006866367 0.06181854095237431 0.07138337188358031 -0.07138337188382382
 17 1.0933497145539763 -0.09334971104900751 0.2366913592576122 0.13677297622596668 0.14783025133643698 0.13599834652777001 0.130395549048972 0.12472838100525292 0.11993603869695423 0.11567670887182505 0.11188003095282756 0.10846202539507656 0.10536272565783363 0.10253419351629559 0.09993821418212423 0.09754379296949413 0.0953254945301041 0.09326221375521992 0.09133626617111988 0.08953270201299333 0.08783878189508987 0.08624357080746589 0.08473762005689593 0.08331271543584519 0.0819616758736923 0.08067819099834185 0.0794566889980794 0.07829222830358984 0.07718040816128006 0.07611729431190416 0.07509935683961724 0.07412341789685956 0.0731866074966758 0.07228632593654942 0.0714202117055395 0.07058611395047909 0.06978206875261886 0.069006278604762 0.06825709458925047 0.06753300084400847 0.0668326009913977 0.0661546060498811 0.06549782614174626 0.06486113235588147 0.06424383225599452 0.06364050621945956 0.06311106006831606 0.061818540952275374 0.0713833718841426 -0.07138337188420635
 18 1.0933497103480138 -0.09334971141653427 0.23669135786649284 0.13677297563402537 0.1478302506963694 0.13599834609099842 0.13039554867181396 0.12472838070612084 0.11993603844584046 0.1156767086622595 0.11188003077475431 0.10846202524271183 0.10536272552618309 0.1025341934016811 0.09993821408160641 0.09754379288076147 0.0953254944513005 0.0932622136848463 0.09133626610795308 0.08953270195602754 0.0878387818434916 0.08624357076053964 0.08473762001405735 0.08331271539660028 0.08196167583762128 0.08067819096508576 0.07945668896732988 0.07829222827508073 0.0771804081347806 0.07611729428721327 0.07509935681655919 0.07412341787528007 0.073186607476439 0.07228632591753517 0.07142021168764152 0.07058611393360453 0.06978206873669483 0.06900627858976548 0.06825709457528997 0.0675330008314619 0.06683260098099554 0.06615460604248231 0.06549782613770173 0.06486113235448784 0.06424383225585607 0.06364050621955769 0.06311106006838565 0.061818540952241006 0.0713833718840655 -0.07138337188403733
 19 1.0933497116302384 -0.09334971130606882 0.236691358287678 0.1367729758107823 0.14783025088780951 0.1359983462203448 0.1303955487831824 0.12472838079384793 0.11993603851914841 0.11567670872310386 0.11188003082620576 0.10846202528652002 0.10536272556385967 0.10253419343433351 0.09993821411011763 0.09754379290582327 0.09532549447346665 0.0932622137045627 0.09133626612558231 0.08953270197186697 0.08783878185778682 0.08624357077349501 0.0847376200258441 0.08331271540736276 0.0819616758474818 0.08067819097414859 0.07945668897568445 0.0782922282828039 0.07718040814193892 0.07611729429386463 0.07509935682275397 0.07412341788106241 0.07318660748184777 0.07228632592260453 0.07142021169240152 0.07058611393808055 0.06978206874090354 0.06900627859370163 0.06825709457889886 0.0675330008346077 0.06683260098346969 0.06615460604410574 0.06549782613848985 0.06486113235470847 0.06424383225585557 0.06364050621953203 0.06311106006837694 0.06181854095225524 0.07138337188406538 -0.07138337188407098
 20 1.093349711241235 -0.09334971133908469 0.23669135816076095 0.13677297575822475 0.14783025083079001 0.13599834618218686 0.1303955487504169 0.12472838076820808 0.11993603849781648 0.11567670870549238 0.11188003081138236 0.10846202527395842 0.1053627255531049 0.10253419342505385 0.0999382141020493 0.0975437928987603 0.09532549446724468 0.09326221369904979 0.0913362661206715 0.08953270196747075 0.08783878185383319 0.0862435707699242 0.08473762002260617 0.08331271540441575 0.08196167584479017 0.08067819097168227 0.07945668897341754 0.07829222828071437 0.07718040814000761 0.07611729429207496 0.07509935682109159 0.07412341787951471 0.07318660748040368 0.0722863259212544 0.07142021169113698 0.07058611393689496 0.06978206873979409 0.06900627859267427 0.06825709457797613 0.06753300083383319 0.06683260098289628 0.06615460604376142 0.06549782613834342 0.06486113235467748 0.06424383225586068 0.06364050621953747 0.06311106006837697 0.06181854095225239 0.0713833718840685 -0.071383371884068
 
 La solucion es X= 
    1.09334971124123
   -0.09334971133908
    0.23669135816076
    0.13677297575822
    0.14783025083079
    0.13599834618219
    0.13039554875042
    0.12472838076821
    0.11993603849782
    0.11567670870549
    0.11188003081138
    0.10846202527396
    0.10536272555310
    0.10253419342505
    0.09993821410205
    0.09754379289876
    0.09532549446724
    0.09326221369905
    0.09133626612067
    0.08953270196747
    0.08783878185383
    0.08624357076992
    0.08473762002261
    0.08331271540442
    0.08196167584479
    0.08067819097168
    0.07945668897342
    0.07829222828071
    0.07718040814001
    0.07611729429207
    0.07509935682109
    0.07412341787951
    0.07318660748040
    0.07228632592125
    0.07142021169114
    0.07058611393689
    0.06978206873979
    0.06900627859267
    0.06825709457798
    0.06753300083383
    0.06683260098290
    0.06615460604376
    0.06549782613834
    0.06486113235468
    0.06424383225586
    0.06364050621954
    0.06311106006838
    0.06181854095225
    0.07138337188407
   -0.07138337188407
