 DIMENSION=  50
 A= 
 1.0 1.0 0.0E+0 0.0E+0 0.0E+0 0.0E+0 0.0E+0 0.0E+0 0.0E+0 0.0E+0 0.0E+0 0.0E+0 0.0E+0 0.0E+0 0.0E+0 0.0E+0 0.0E+0 0.0E+0 0.0E+0 0.0E+0 0.0E+0 0.0E+0 0.0E+0 0.0E+0 0.0E+0 0.0E+0 0.0E+0 0.0E+0 0.0E+0 0.0E+0 0.0E+0 0.0E+0 0.0E+0 0.0E+0 0.0E+0 0.0E+0 0.0E+0 0.0E+0 0.0E+0 0.0E+0 0.0E+0 0.0E+0 0.0E+0 0.0E+0 0.0E+0 0.0E+0 0.0E+0 0.0E+0 0.0E+0 0.0E+0
 1.4142135623730951 5.0 1.4142135623730951 0.0E+0 0.0E+0 0.0E+0 0.0E+0 0.0E+0 0.0E+0 0.0E+0 0.0E+0 0.0E+0 0.0E+0 0.0E+0 0.0E+0 0.0E+0 0.0E+0 0.0E+0 0.0E+0 0.0E+0 0.0E+0 0.0E+0 0.0E+0 0.0E+0 0.0E+0 0.0E+0 0.0E+0 0.0E+0 0.0E+0 0.0E+0 0.0E+0 0.0E+0 0.0E+0 0.0E+0 0.0E+0 0.0E+0 0.0E+0 0.0E+0 0.0E+0 0.0E+0 0.0E+0 0.0E+0 0.0E+0 0.0E+0 0.0E+0 0.0E+0 0.0E+0 0.0E+0 0.0E+0 0.0E+0
 0.0E+0 1.7320508075688771 7.0 1.7320508075688771 0.0E+0 0.0E+0 0.0E+0 0.0E+0 0.0E+0 0.0E+0 0.0E+0 0.0E+0 0.0E+0 0.0E+0 0.0E+0 0.0E+0 0.0E+0 0.0E+0 0.0E+0 0.0E+0 0.0E+0 0.0E+0 0.0E+0 0.0E+0 0.0E+0 0.0E+0 0.0E+0 0.0E+0 0.0E+0 0.0E+0 0.0E+0 0.0E+0 0.0E+0 0.0E+0 0.0E+0 0.0E+0 0.0E+0 0.0E+0 0.0E+0 0.0E+0 0.0E+0 0.0E+0 0.0E+0 0.0E+0 0.0E+0 0.0E+0 0.0E+0 0.0E+0 0.0E+0 0.0E+0
 0.0E+0 0.0E+0 2.0 9.0 2.0 0.0E+0 0.0E+0 0.0E+0 0.0E+0 0.0E+0 0.0E+0 0.0E+0 0.0E+0 0.0E+0 0.0E+0 0.0E+0 0.0E+0 0.0E+0 0.0E+0 0.0E+0 0.0E+0 0.0E+0 0.0E+0 0.0E+0 0.0E+0 0.0E+0 0.0E+0 0.0E+0 0.0E+0 0.0E+0 0.0E+0 0.0E+0 0.0E+0 0.0E+0 0.0E+0 0.0E+0 0.0E+0 0.0E+0 0.0E+0 0.0E+0 0.0E+0 0.0E+0 0.0E+0 0.0E+0 0.0E+0 0.0E+0 0.0E+0 0.0E+0 0.0E+0 0.0E+0
 0.0E+0 0.0E+0 0.0E+0 2.23606797749979 11.0 2.23606797749979 0.0E+0 0.0E+0 0.0E+0 0.0E+0 0.0E+0 0.0E+0 0.0E+0 0.0E+0 0.0E+0 0.0E+0 0.0E+0 0.0E+0 0.0E+0 0.0E+0 0.0E+0 0.0E+0 0.0E+0 0.0E+0 0.0E+0 0.0E+0 0.0E+0 0.0E+0 0.0E+0 0.0E+0 0.0E+0 0.0E+0 0.0E+0 0.0E+0 0.0E+0 0.0E+0 0.0E+0 0.0E+0 0.0E+0 0.0E+0 0.0E+0 0.0E+0 0.0E+0 0.0E+0 0.0E+0 0.0E+0 0.0E+0 0.0E+0 0.0E+0 0.0E+0
 0.0E+0 0.0E+0 0.0E+0 0.0E+0 2.449489742783178 13.0 2.449489742783178 0.0E+0 0.0E+0 0.0E+0 0.0E+0 0.0E+0 0.0E+0 0.0E+0 0.0E+0 0.0E+0 0.0E+0 0.0E+0 0.0E+0 0.0E+0 0.0E+0 0.0E+0 0.0E+0 0.0E+0 0.0E+0 0.0E+0 0.0E+0 0.0E+0 0.0E+0 0.0E+0 0.0E+0 0.0E+0 0.0E+0 0.0E+0 0.0E+0 0.0E+0 0.0E+0 0.0E+0 0.0E+0 0.0E+0 0.0E+0 0.0E+0 0.0E+0 0.0E+0 0.0E+0 0.0E+0 0.0E+0 0.0E+0 0.0E+0 0.0E+0
 0.0E+0 0.0E+0 0.0E+0 0.0E+0 0.0E+0 2.6457513110645907 15.0 2.6457513110645907 0.0E+0 0.0E+0 0.0E+0 0.0E+0 0.0E+0 0.0E+0 0.0E+0 0.0E+0 0.0E+0 0.0E+0 0.0E+0 0.0E+0 0.0E+0 0.0E+0 0.0E+0 0.0E+0 0.0E+0 0.0E+0 0.0E+0 0.0E+0 0.0E+0 0.0E+0 0.0E+0 0.0E+0 0.0E+0 0.0E+0 0.0E+0 0.0E+0 0.0E+0 0.0E+0 0.0E+0 0.0E+0 0.0E+0 0.0E+0 0.0E+0 0.0E+0 0.0E+0 0.0E+0 0.0E+0 0.0E+0 0.0E+0 0.0E+0
 0.0E+0 0.0E+0 0.0E+0 0.0E+0 0.0E+0 0.0E+0 2.8284271247461902 17.0 2.8284271247461902 0.0E+0 0.0E+0 0.0E+0 0.0E+0 0.0E+0 0.0E+0 0.0E+0 0.0E+0 0.0E+0 0.0E+0 0.0E+0 0.0E+0 0.0E+0 0.0E+0 0.0E+0 0.0E+0 0.0E+0 0.0E+0 0.0E+0 0.0E+0 0.0E+0 0.0E+0 0.0E+0 0.0E+0 0.0E+0 0.0E+0 0.0E+0 0.0E+0 0.0E+0 0.0E+0 0.0E+0 0.0E+0 0.0E+0 0.0E+0 0.0E+0 0.0E+0 0.0E+0 0.0E+0 0.0E+0 0.0E+0 0.0E+0
 0.0E+0 0.0E+0 0.0E+0 0.0E+0 0.0E+0 0.0E+0 0.0E+0 3.0 19.0 3.0 0.0E+0 0.0E+0 0.0E+0 0.0E+0 0.0E+0 0.0E+0 0.0E+0 0.0E+0 0.0E+0 0.0E+0 0.0E+0 0.0E+0 0.0E+0 0.0E+0 0.0E+0 0.0E+0 0.0E+0 0.0E+0 0.0E+0 0.0E+0 0.0E+0 0.0E+0 0.0E+0 0.0E+0 0.0E+0 0.0E+0 0.0E+0 0.0E+0 0.0E+0 0.0E+0 0.0E+0 0.0E+0 0.0E+0 0.0E+0 0.0E+0 0.0E+0 0.0E+0 0.0E+0 0.0E+0 0.0E+0
 0.0E+0 0.0E+0 0.0E+0 0.0E+0 0.0E+0 0.0E+0 0.0E+0 0.0E+0 3.1622776601683795 21.0 3.1622776601683795 0.0E+0 0.0E+0 0.0E+0 0.0E+0 0.0E+0 0.0E+0 0.0E+0 0.0E+0 0.0E+0 0.0E+0 0.0E+0 0.0E+0 0.0E+0 0.0E+0 0.0E+0 0.0E+0 0.0E+0 0.0E+0 0.0E+0 0.0E+0 0.0E+0 0.0E+0 0.0E+0 0.0E+0 0.0E+0 0.0E+0 0.0E+0 0.0E+0 0.0E+0 0.0E+0 0.0E+0 0.0E+0 0.0E+0 0.0E+0 0.0E+0 0.0E+0 0.0E+0 0.0E+0 0.0E+0
 0.0E+0 0.0E+0 0.0E+0 0.0E+0 0.0E+0 0.0E+0 0.0E+0 0.0E+0 0.0E+0 3.3166247903554 23.0 3.3166247903554 0.0E+0 0.0E+0 0.0E+0 0.0E+0 0.0E+0 0.0E+0 0.0E+0 0.0E+0 0.0E+0 0.0E+0 0.0E+0 0.0E+0 0.0E+0 0.0E+0 0.0E+0 0.0E+0 0.0E+0 0.0E+0 0.0E+0 0.0E+0 0.0E+0 0.0E+0 0.0E+0 0.0E+0 0.0E+0 0.0E+0 0.0E+0 0.0E+0 0.0E+0 0.0E+0 0.0E+0 0.0E+0 0.0E+0 0.0E+0 0.0E+0 0.0E+0 0.0E+0 0.0E+0
 0.0E+0 0.0E+0 0.0E+0 0.0E+0 0.0E+0 0.0E+0 0.0E+0 0.0E+0 0.0E+0 0.0E+0 3.4641016151377543 25.0 3.4641016151377543 0.0E+0 0.0E+0 0.0E+0 0.0E+0 0.0E+0 0.0E+0 0.0E+0 0.0E+0 0.0E+0 0.0E+0 0.0E+0 0.0E+0 0.0E+0 0.0E+0 0.0E+0 0.0E+0 0.0E+0 0.0E+0 0.0E+0 0.0E+0 0.0E+0 0.0E+0 0.0E+0 0.0E+0 0.0E+0 0.0E+0 0.0E+0 0.0E+0 0.0E+0 0.0E+0 0.0E+0 0.0E+0 0.0E+0 0.0E+0 0.0E+0 0.0E+0 0.0E+0
 0.0E+0 0.0E+0 0.0E+0 0.0E+0 0.0E+0 0.0E+0 0.0E+0 0.0E+0 0.0E+0 0.0E+0 0.0E+0 3.605551275463989 27.0 3.605551275463989 0.0E+0 0.0E+0 0.0E+0 0.0E+0 0.0E+0 0.0E+0 0.0E+0 0.0E+0 0.0E+0 0.0E+0 0.0E+0 0.0E+0 0.0E+0 0.0E+0 0.0E+0 0.0E+0 0.0E+0 0.0E+0 0.0E+0 0.0E+0 0.0E+0 0.0E+0 0.0E+0 0.0E+0 0.0E+0 0.0E+0 0.0E+0 0.0E+0 0.0E+0 0.0E+0 0.0E+0 0.0E+0 0.0E+0 0.0E+0 0.0E+0 0.0E+0
 0.0E+0 0.0E+0 0.0E+0 0.0E+0 0.0E+0 0.0E+0 0.0E+0 0.0E+0 0.0E+0 0.0E+0 0.0E+0 0.0E+0 3.7416573867739413 29.0 3.7416573867739413 0.0E+0 0.0E+0 0.0E+0 0.0E+0 0.0E+0 0.0E+0 0.0E+0 0.0E+0 0.0E+0 0.0E+0 0.0E+0 0.0E+0 0.0E+0 0.0E+0 0.0E+0 0.0E+0 0.0E+0 0.0E+0 0.0E+0 0.0E+0 0.0E+0 0.0E+0 0.0E+0 0.0E+0 0.0E+0 0.0E+0 0.0E+0 0.0E+0 0.0E+0 0.0E+0 0.0E+0 0.0E+0 0.0E+0 0.0E+0 0.0E+0
 0.0E+0 0.0E+0 0.0E+0 0.0E+0 0.0E+0 0.0E+0 0.0E+0 0.0E+0 0.0E+0 0.0E+0 0.0E+0 0.0E+0 0.0E+0 3.872983346207417 31.0 3.872983346207417 0.0E+0 0.0E+0 0.0E+0 0.0E+0 0.0E+0 0.0E+0 0.0E+0 0.0E+0 0.0E+0 0.0E+0 0.0E+0 0.0E+0 0.0E+0 0.0E+0 0.0E+0 0.0E+0 0.0E+0 0.0E+0 0.0E+0 0.0E+0 0.0E+0 0.0E+0 0.0E+0 0.0E+0 0.0E+0 0.0E+0 0.0E+0 0.0E+0 0.0E+0 0.0E+0 0.0E+0 0.0E+0 0.0E+0 0.0E+0
 0.0E+0 0.0E+0 0.0E+0 0.0E+0 0.0E+0 0.0E+0 0.0E+0 0.0E+0 0.0E+0 0.0E+0 0.0E+0 0.0E+0 0.0E+0 0.0E+0 4.0 33.0 4.0 0.0E+0 0.0E+0 0.0E+0 0.0E+0 0.0E+0 0.0E+0 0.0E+0 0.0E+0 0.0E+0 0.0E+0 0.0E+0 0.0E+0 0.0E+0 0.0E+0 0.0E+0 0.0E+0 0.0E+0 0.0E+0 0.0E+0 0.0E+0 0.0E+0 0.0E+0 0.0E+0 0.0E+0 0.0E+0 0.0E+0 0.0E+0 0.0E+0 0.0E+0 0.0E+0 0.0E+0 0.0E+0 0.0E+0
 0.0E+0 0.0E+0 0.0E+0 0.0E+0 0.0E+0 0.0E+0 0.0E+0 0.0E+0 0.0E+0 0.0E+0 0.0E+0 0.0E+0 0.0E+0 0.0E+0 0.0E+0 4.123105625617661 35.0 4.123105625617661 0.0E+0 0.0E+0 0.0E+0 0.0E+0 0.0E+0 0.0E+0 0.0E+0 0.0E+0 0.0E+0 0.0E+0 0.0E+0 0.0E+0 0.0E+0 0.0E+0 0.0E+0 0.0E+0 0.0E+0 0.0E+0 0.0E+0 0.0E+0 0.0E+0 0.0E+0 0.0E+0 0.0E+0 0.0E+0 0.0E+0 0.0E+0 0.0E+0 0.0E+0 0.0E+0 0.0E+0 0.0E+0
 0.0E+0 0.0E+0 0.0E+0 0.0E+0 0.0E+0 0.0E+0 0.0E+0 0.0E+0 0.0E+0 0.0E+0 0.0E+0 0.0E+0 0.0E+0 0.0E+0 0.0E+0 0.0E+0 4.242640687119285 37.0 4.242640687119285 0.0E+0 0.0E+0 0.0E+0 0.0E+0 0.0E+0 0.0E+0 0.0E+0 0.0E+0 0.0E+0 0.0E+0 0.0E+0 0.0E+0 0.0E+0 0.0E+0 0.0E+0 0.0E+0 0.0E+0 0.0E+0 0.0E+0 0.0E+0 0.0E+0 0.0E+0 0.0E+0 0.0E+0 0.0E+0 0.0E+0 0.0E+0 0.0E+0 0.0E+0 0.0E+0 0.0E+0
 0.0E+0 0.0E+0 0.0E+0 0.0E+0 0.0E+0 0.0E+0 0.0E+0 0.0E+0 0.0E+0 0.0E+0 0.0E+0 0.0E+0 0.0E+0 0.0E+0 0.0E+0 0.0E+0 0.0E+0 4.358898943540674 39.0 4.358898943540674 0.0E+0 0.0E+0 0.0E+0 0.0E+0 0.0E+0 0.0E+0 0.0E+0 0.0E+0 0.0E+0 0.0E+0 0.0E+0 0.0E+0 0.0E+0 0.0E+0 0.0E+0 0.0E+0 0.0E+0 0.0E+0 0.0E+0 0.0E+0 0.0E+0 0.0E+0 0.0E+0 0.0E+0 0.0E+0 0.0E+0 0.0E+0 0.0E+0 0.0E+0 0.0E+0
 0.0E+0 0.0E+0 0.0E+0 0.0E+0 0.0E+0 0.0E+0 0.0E+0 0.0E+0 0.0E+0 0.0E+0 0.0E+0 0.0E+0 0.0E+0 0.0E+0 0.0E+0 0.0E+0 0.0E+0 0.0E+0 4.47213595499958 41.0 4.47213595499958 0.0E+0 0.0E+0 0.0E+0 0.0E+0 0.0E+0 0.0E+0 0.0E+0 0.0E+0 0.0E+0 0.0E+0 0.0E+0 0.0E+0 0.0E+0 0.0E+0 0.0E+0 0.0E+0 0.0E+0 0.0E+0 0.0E+0 0.0E+0 0.0E+0 0.0E+0 0.0E+0 0.0E+0 0.0E+0 0.0E+0 0.0E+0 0.0E+0 0.0E+0
 0.0E+0 0.0E+0 0.0E+0 0.0E+0 0.0E+0 0.0E+0 0.0E+0 0.0E+0 0.0E+0 0.0E+0 0.0E+0 0.0E+0 0.0E+0 0.0E+0 0.0E+0 0.0E+0 0.0E+0 0.0E+0 0.0E+0 4.58257569495584 43.0 4.58257569495584 0.0E+0 0.0E+0 0.0E+0 0.0E+0 0.0E+0 0.0E+0 0.0E+0 0.0E+0 0.0E+0 0.0E+0 0.0E+0 0.0E+0 0.0E+0 0.0E+0 0.0E+0 0.0E+0 0.0E+0 0.0E+0 0.0E+0 0.0E+0 0.0E+0 0.0E+0 0.0E+0 0.0E+0 0.0E+0 0.0E+0 0.0E+0 0.0E+0
 0.0E+0 0.0E+0 0.0E+0 0.0E+0 0.0E+0 0.0E+0 0.0E+0 0.0E+0 0.0E+0 0.0E+0 0.0E+0 0.0E+0 0.0E+0 0.0E+0 0.0E+0 0.0E+0 0.0E+0 0.0E+0 0.0E+0 0.0E+0 4.69041575982343 45.0 4.69041575982343 0.0E+0 0.0E+0 0.0E+0 0.0E+0 0.0E+0 0.0E+0 0.0E+0 0.0E+0 0.0E+0 0.0E+0 0.0E+0 0.0E+0 0.0E+0 0.0E+0 0.0E+0 0.0E+0 0.0E+0 0.0E+0 0.0E+0 0.0E+0 0.0E+0 0.0E+0 0.0E+0 0.0E+0 0.0E+0 0.0E+0 0.0E+0
 0.0E+0 0.0E+0 0.0E+0 0.0E+0 0.0E+0 0.0E+0 0.0E+0 0.0E+0 0.0E+0 0.0E+0 0.0E+0 0.0E+0 0.0E+0 0.0E+0 0.0E+0 0.0E+0 0.0E+0 0.0E+0 0.0E+0 0.0E+0 0.0E+0 4.795831523312719 47.0 4.795831523312719 0.0E+0 0.0E+0 0.0E+0 0.0E+0 0.0E+0 0.0E+0 0.0E+0 0.0E+0 0.0E+0 0.0E+0 0.0E+0 0.0E+0 0.0E+0 0.0E+0 0.0E+0 0.0E+0 0.0E+0 0.0E+0 0.0E+0 0.0E+0 0.0E+0 0.0E+0 0.0E+0 0.0E+0 0.0E+0 0.0E+0
 0.0E+0 0.0E+0 0.0E+0 0.0E+0 0.0E+0 0.0E+0 0.0E+0 0.0E+0 0.0E+0 0.0E+0 0.0E+0 0.0E+0 0.0E+0 0.0E+0 0.0E+0 0.0E+0 0.0E+0 0.0E+0 0.0E+0 0.0E+0 0.0E+0 0.0E+0 4.898979485566356 49.0 4.898979485566356 0.0E+0 0.0E+0 0.0E+0 0.0E+0 0.0E+0 0.0E+0 0.0E+0 0.0E+0 0.0E+0 0.0E+0 0.0E+0 0.0E+0 0.0E+0 0.0E+0 0.0E+0 0.0E+0 0.0E+0 0.0E+0 0.0E+0 0.0E+0 0.0E+0 0.0E+0 0.0E+0 0.0E+0 0.0E+0
 0.0E+0 0.0E+0 0.0E+0 0.0E+0 0.0E+0 0.0E+0 0.0E+0 0.0E+0 0.0E+0 0.0E+0 0.0E+0 0.0E+0 0.0E+0 0.0E+0 0.0E+0 0.0E+0 0.0E+0 0.0E+0 0.0E+0 0.0E+0 0.0E+0 0.0E+0 0.0E+0 5.0 51.0 5.0 0.0E+0 0.0E+0 0.0E+0 0.0E+0 0.0E+0 0.0E+0 0.0E+0 0.0E+0 0.0E+0 0.0E+0 0.0E+0 0.0E+0 0.0E+0 0.0E+0 0.0E+0 0.0E+0 0.0E+0 0.0E+0 0.0E+0 0.0E+0 0.0E+0 0.0E+0 0.0E+0 0.0E+0
 0.0E+0 0.0E+0 0.0E+0 0.0E+0 0.0E+0 0.0E+0 0.0E+0 0.0E+0 0.0E+0 0.0E+0 0.0E+0 0.0E+0 0.0E+0 0.0E+0 0.0E+0 0.0E+0 0.0E+0 0.0E+0 0.0E+0 0.0E+0 0.0E+0 0.0E+0 0.0E+0 0.0E+0 5.0990195135927844 53.0 5.0990195135927844 0.0E+0 0.0E+0 0.0E+0 0.0E+0 0.0E+0 0.0E+0 0.0E+0 0.0E+0 0.0E+0 0.0E+0 0.0E+0 0.0E+0 0.0E+0 0.0E+0 0.0E+0 0.0E+0 0.0E+0 0.0E+0 0.0E+0 0.0E+0 0.0E+0 0.0E+0 0.0E+0
 0.0E+0 0.0E+0 0.0E+0 0.0E+0 0.0E+0 0.0E+0 0.0E+0 0.0E+0 0.0E+0 0.0E+0 0.0E+0 0.0E+0 0.0E+0 0.0E+0 0.0E+0 0.0E+0 0.0E+0 0.0E+0 0.0E+0 0.0E+0 0.0E+0 0.0E+0 0.0E+0 0.0E+0 0.0E+0 5.196152422706632 55.0 5.196152422706632 0.0E+0 0.0E+0 0.0E+0 0.0E+0 0.0E+0 0.0E+0 0.0E+0 0.0E+0 0.0E+0 0.0E+0 0.0E+0 0.0E+0 0.0E+0 0.0E+0 0.0E+0 0.0E+0 0.0E+0 0.0E+0 0.0E+0 0.0E+0 0.0E+0 0.0E+0
 0.0E+0 0.0E+0 0.0E+0 0.0E+0 0.0E+0 0.0E+0 0.0E+0 0.0E+0 0.0E+0 0.0E+0 0.0E+0 0.0E+0 0.0E+0 0.0E+0 0.0E+0 0.0E+0 0.0E+0 0.0E+0 0.0E+0 0.0E+0 0.0E+0 0.0E+0 0.0E+0 0.0E+0 0.0E+0 0.0E+0 5.291502622129181 57.0 5.291502622129181 0.0E+0 0.0E+0 0.0E+0 0.0E+0 0.0E+0 0.0E+0 0.0E+0 0.0E+0 0.0E+0 0.0E+0 0.0E+0 0.0E+0 0.0E+0 0.0E+0 0.0E+0 0.0E+0 0.0E+0 0.0E+0 0.0E+0 0.0E+0 0.0E+0
 0.0E+0 0.0E+0 0.0E+0 0.0E+0 0.0E+0 0.0E+0 0.0E+0 0.0E+0 0.0E+0 0.0E+0 0.0E+0 0.0E+0 0.0E+0 0.0E+0 0.0E+0 0.0E+0 0.0E+0 0.0E+0 0.0E+0 0.0E+0 0.0E+0 0.0E+0 0.0E+0 0.0E+0 0.0E+0 0.0E+0 0.0E+0 5.385164807134504 59.0 5.385164807134504 0.0E+0 0.0E+0 0.0E+0 0.0E+0 0.0E+0 0.0E+0 0.0E+0 0.0E+0 0.0E+0 0.0E+0 0.0E+0 0.0E+0 0.0E+0 0.0E+0 0.0E+0 0.0E+0 0.0E+0 0.0E+0 0.0E+0 0.0E+0
 0.0E+0 0.0E+0 0.0E+0 0.0E+0 0.0E+0 0.0E+0 0.0E+0 0.0E+0 0.0E+0 0.0E+0 0.0E+0 0.0E+0 0.0E+0 0.0E+0 0.0E+0 0.0E+0 0.0E+0 0.0E+0 0.0E+0 0.0E+0 0.0E+0 0.0E+0 0.0E+0 0.0E+0 0.0E+0 0.0E+0 0.0E+0 0.0E+0 5.477225575051661 61.0 5.477225575051661 0.0E+0 0.0E+0 0.0E+0 0.0E+0 0.0E+0 0.0E+0 0.0E+0 0.0E+0 0.0E+0 0.0E+0 0.0E+0 0.0E+0 0.0E+0 0.0E+0 0.0E+0 0.0E+0 0.0E+0 0.0E+0 0.0E+0
 0.0E+0 0.0E+0 0.0E+0 0.0E+0 0.0E+0 0.0E+0 0.0E+0 0.0E+0 0.0E+0 0.0E+0 0.0E+0 0.0E+0 0.0E+0 0.0E+0 0.0E+0 0.0E+0 0.0E+0 0.0E+0 0.0E+0 0.0E+0 0.0E+0 0.0E+0 0.0E+0 0.0E+0 0.0E+0 0.0E+0 0.0E+0 0.0E+0 0.0E+0 5.5677643628300215 63.0 5.5677643628300215 0.0E+0 0.0E+0 0.0E+0 0.0E+0 0.0E+0 0.0E+0 0.0E+0 0.0E+0 0.0E+0 0.0E+0 0.0E+0 0.0E+0 0.0E+0 0.0E+0 0.0E+0 0.0E+0 0.0E+0 0.0E+0
 0.0E+0 0.0E+0 0.0E+0 0.0E+0 0.0E+0 0.0E+0 0.0E+0 0.0E+0 0.0E+0 0.0E+0 0.0E+0 0.0E+0 0.0E+0 0.0E+0 0.0E+0 0.0E+0 0.0E+0 0.0E+0 0.0E+0 0.0E+0 0.0E+0 0.0E+0 0.0E+0 0.0E+0 0.0E+0 0.0E+0 0.0E+0 0.0E+0 0.0E+0 0.0E+0 5.656854249492381 65.0 5.656854249492381 0.0E+0 0.0E+0 0.0E+0 0.0E+0 0.0E+0 0.0E+0 0.0E+0 0.0E+0 0.0E+0 0.0E+0 0.0E+0 0.0E+0 0.0E+0 0.0E+0 0.0E+0 0.0E+0 0.0E+0
 0.0E+0 0.0E+0 0.0E+0 0.0E+0 0.0E+0 0.0E+0 0.0E+0 0.0E+0 0.0E+0 0.0E+0 0.0E+0 0.0E+0 0.0E+0 0.0E+0 0.0E+0 0.0E+0 0.0E+0 0.0E+0 0.0E+0 0.0E+0 0.0E+0 0.0E+0 0.0E+0 0.0E+0 0.0E+0 0.0E+0 0.0E+0 0.0E+0 0.0E+0 0.0E+0 0.0E+0 5.744562646538029 67.0 5.744562646538029 0.0E+0 0.0E+0 0.0E+0 0.0E+0 0.0E+0 0.0E+0 0.0E+0 0.0E+0 0.0E+0 0.0E+0 0.0E+0 0.0E+0 0.0E+0 0.0E+0 0.0E+0 0.0E+0
 0.0E+0 0.0E+0 0.0E+0 0.0E+0 0.0E+0 0.0E+0 0.0E+0 0.0E+0 0.0E+0 0.0E+0 0.0E+0 0.0E+0 0.0E+0 0.0E+0 0.0E+0 0.0E+0 0.0E+0 0.0E+0 0.0E+0 0.0E+0 0.0E+0 0.0E+0 0.0E+0 0.0E+0 0.0E+0 0.0E+0 0.0E+0 0.0E+0 0.0E+0 0.0E+0 0.0E+0 0.0E+0 5.830951894845301 69.0 5.830951894845301 0.0E+0 0.0E+0 0.0E+0 0.0E+0 0.0E+0 0.0E+0 0.0E+0 0.0E+0 0.0E+0 0.0E+0 0.0E+0 0.0E+0 0.0E+0 0.0E+0 0.0E+0
 0.0E+0 0.0E+0 0.0E+0 0.0E+0 0.0E+0 0.0E+0 0.0E+0 0.0E+0 0.0E+0 0.0E+0 0.0E+0 0.0E+0 0.0E+0 0.0E+0 0.0E+0 0.0E+0 0.0E+0 0.0E+0 0.0E+0 0.0E+0 0.0E+0 0.0E+0 0.0E+0 0.0E+0 0.0E+0 0.0E+0 0.0E+0 0.0E+0 0.0E+0 0.0E+0 0.0E+0 0.0E+0 0.0E+0 5.916079783099616 71.0 5.916079783099616 0.0E+0 0.0E+0 0.0E+0 0.0E+0 0.0E+0 0.0E+0 0.0E+0 0.0E+0 0.0E+0 0.0E+0 0.0E+0 0.0E+0 0.0E+0 0.0E+0
 0.0E+0 0.0E+0 0.0E+0 0.0E+0 0.0E+0 0.0E+0 0.0E+0 0.0E+0 0.0E+0 0.0E+0 0.0E+0 0.0E+0 0.0E+0 0.0E+0 0.0E+0 0.0E+0 0.0E+0 0.0E+0 0.0E+0 0.0E+0 0.0E+0 0.0E+0 0.0E+0 0.0E+0 0.0E+0 0.0E+0 0.0E+0 0.0E+0 0.0E+0 0.0E+0 0.0E+0 0.0E+0 0.0E+0 0.0E+0 6.0 73.0 6.0 0.0E+0 0.0E+0 0.0E+0 0.0E+0 0.0E+0 0.0E+0 0.0E+0 0.0E+0 0.0E+0 0.0E+0 0.0E+0 0.0E+0 0.0E+0
 0.0E+0 0.0E+0 0.0E+0 0.0E+0 0.0E+0 0.0E+0 0.0E+0 0.0E+0 0.0E+0 0.0E+0 0.0E+0 0.0E+0 0.0E+0 0.0E+0 0.0E+0 0.0E+0 0.0E+0 0.0E+0 0.0E+0 0.0E+0 0.0E+0 0.0E+0 0.0E+0 0.0E+0 0.0E+0 0.0E+0 0.0E+0 0.0E+0 0.0E+0 0.0E+0 0.0E+0 0.0E+0 0.0E+0 0.0E+0 0.0E+0 6.082762530298219 75.0 6.082762530298219 0.0E+0 0.0E+0 0.0E+0 0.0E+0 0.0E+0 0.0E+0 0.0E+0 0.0E+0 0.0E+0 0.0E+0 0.0E+0 0.0E+0
 0.0E+0 0.0E+0 0.0E+0 0.0E+0 0.0E+0 0.0E+0 0.0E+0 0.0E+0 0.0E+0 0.0E+0 0.0E+0 0.0E+0 0.0E+0 0.0E+0 0.0E+0 0.0E+0 0.0E+0 0.0E+0 0.0E+0 0.0E+0 0.0E+0 0.0E+0 0.0E+0 0.0E+0 0.0E+0 0.0E+0 0.0E+0 0.0E+0 0.0E+0 0.0E+0 0.0E+0 0.0E+0 0.0E+0 0.0E+0 0.0E+0 0.0E+0 6.164414002968976 77.0 6.164414002968976 0.0E+0 0.0E+0 0.0E+0 0.0E+0 0.0E+0 0.0E+0 0.0E+0 0.0E+0 0.0E+0 0.0E+0 0.0E+0
 0.0E+0 0.0E+0 0.0E+0 0.0E+0 0.0E+0 0.0E+0 0.0E+0 0.0E+0 0.0E+0 0.0E+0 0.0E+0 0.0E+0 0.0E+0 0.0E+0 0.0E+0 0.0E+0 0.0E+0 0.0E+0 0.0E+0 0.0E+0 0.0E+0 0.0E+0 0.0E+0 0.0E+0 0.0E+0 0.0E+0 0.0E+0 0.0E+0 0.0E+0 0.0E+0 0.0E+0 0.0E+0 0.0E+0 0.0E+0 0.0E+0 0.0E+0 0.0E+0 6.244997998398398 79.0 6.244997998398398 0.0E+0 0.0E+0 0.0E+0 0.0E+0 0.0E+0 0.0E+0 0.0E+0 0.0E+0 0.0E+0 0.0E+0
 0.0E+0 0.0E+0 0.0E+0 0.0E+0 0.0E+0 0.0E+0 0.0E+0 0.0E+0 0.0E+0 0.0E+0 0.0E+0 0.0E+0 0.0E+0 0.0E+0 0.0E+0 0.0E+0 0.0E+0 0.0E+0 0.0E+0 0.0E+0 0.0E+0 0.0E+0 0.0E+0 0.0E+0 0.0E+0 0.0E+0 0.0E+0 0.0E+0 0.0E+0 0.0E+0 0.0E+0 0.0E+0 0.0E+0 0.0E+0 0.0E+0 0.0E+0 0.0E+0 0.0E+0 6.324555320336759 81.0 6.324555320336759 0.0E+0 0.0E+0 0.0E+0 0.0E+0 0.0E+0 0.0E+0 0.0E+0 0.0E+0 0.0E+0
 0.0E+0 0.0E+0 0.0E+0 0.0E+0 0.0E+0 0.0E+0 0.0E+0 0.0E+0 0.0E+0 0.0E+0 0.0E+0 0.0E+0 0.0E+0 0.0E+0 0.0E+0 0.0E+0 0.0E+0 0.0E+0 0.0E+0 0.0E+0 0.0E+0 0.0E+0 0.0E+0 0.0E+0 0.0E+0 0.0E+0 0.0E+0 0.0E+0 0.0E+0 0.0E+0 0.0E+0 0.0E+0 0.0E+0 0.0E+0 0.0E+0 0.0E+0 0.0E+0 0.0E+0 0.0E+0 6.4031242374328485 83.0 6.4031242374328485 0.0E+0 0.0E+0 0.0E+0 0.0E+0 0.0E+0 0.0E+0 0.0E+0 0.0E+0
 0.0E+0 0.0E+0 0.0E+0 0.0E+0 0.0E+0 0.0E+0 0.0E+0 0.0E+0 0.0E+0 0.0E+0 0.0E+0 0.0E+0 0.0E+0 0.0E+0 0.0E+0 0.0E+0 0.0E+0 0.0E+0 0.0E+0 0.0E+0 0.0E+0 0.0E+0 0.0E+0 0.0E+0 0.0E+0 0.0E+0 0.0E+0 0.0E+0 0.0E+0 0.0E+0 0.0E+0 0.0E+0 0.0E+0 0.0E+0 0.0E+0 0.0E+0 0.0E+0 0.0E+0 0.0E+0 0.0E+0 6.48074069840786 85.0 6.48074069840786 0.0E+0 0.0E+0 0.0E+0 0.0E+0 0.0E+0 0.0E+0 0.0E+0
 0.0E+0 0.0E+0 0.0E+0 0.0E+0 0.0E+0 0.0E+0 0.0E+0 0.0E+0 0.0E+0 0.0E+0 0.0E+0 0.0E+0 0.0E+0 0.0E+0 0.0E+0 0.0E+0 0.0E+0 0.0E+0 0.0E+0 0.0E+0 0.0E+0 0.0E+0 0.0E+0 0.0E+0 0.0E+0 0.0E+0 0.0E+0 0.0E+0 0.0E+0 0.0E+0 0.0E+0 0.0E+0 0.0E+0 0.0E+0 0.0E+0 0.0E+0 0.0E+0 0.0E+0 0.0E+0 0.0E+0 0.0E+0 6.557438524302 87.0 6.557438524302 0.0E+0 0.0E+0 0.0E+0 0.0E+0 0.0E+0 0.0E+0
 0.0E+0 0.0E+0 0.0E+0 0.0E+0 0.0E+0 0.0E+0 0.0E+0 0.0E+0 0.0E+0 0.0E+0 0.0E+0 0.0E+0 0.0E+0 0.0E+0 0.0E+0 0.0E+0 0.0E+0 0.0E+0 0.0E+0 0.0E+0 0.0E+0 0.0E+0 0.0E+0 0.0E+0 0.0E+0 0.0E+0 0.0E+0 0.0E+0 0.0E+0 0.0E+0 0.0E+0 0.0E+0 0.0E+0 0.0E+0 0.0E+0 0.0E+0 0.0E+0 0.0E+0 0.0E+0 0.0E+0 0.0E+0 0.0E+0 6.6332495807108 89.0 6.6332495807108 0.0E+0 0.0E+0 0.0E+0 0.0E+0 0.0E+0
 0.0E+0 0.0E+0 0.0E+0 0.0E+0 0.0E+0 0.0E+0 0.0E+0 0.0E+0 0.0E+0 0.0E+0 0.0E+0 0.0E+0 0.0E+0 0.0E+0 0.0E+0 0.0E+0 0.0E+0 0.0E+0 0.0E+0 0.0E+0 0.0E+0 0.0E+0 0.0E+0 0.0E+0 0.0E+0 0.0E+0 0.0E+0 0.0E+0 0.0E+0 0.0E+0 0.0E+0 0.0E+0 0.0E+0 0.0E+0 0.0E+0 0.0E+0 0.0E+0 0.0E+0 0.0E+0 0.0E+0 0.0E+0 0.0E+0 0.0E+0 6.708203932499369 91.0 6.708203932499369 0.0E+0 0.0E+0 0.0E+0 0.0E+0
 0.0E+0 0.0E+0 0.0E+0 0.0E+0 0.0E+0 0.0E+0 0.0E+0 0.0E+0 0.0E+0 0.0E+0 0.0E+0 0.0E+0 0.0E+0 0.0E+0 0.0E+0 0.0E+0 0.0E+0 0.0E+0 0.0E+0 0.0E+0 0.0E+0 0.0E+0 0.0E+0 0.0E+0 0.0E+0 0.0E+0 0.0E+0 0.0E+0 0.0E+0 0.0E+0 0.0E+0 0.0E+0 0.0E+0 0.0E+0 0.0E+0 0.0E+0 0.0E+0 0.0E+0 0.0E+0 0.0E+0 0.0E+0 0.0E+0 0.0E+0 0.0E+0 6.782329983125268 93.0 6.782329983125268 0.0E+0 0.0E+0 0.0E+0
 0.0E+0 0.0E+0 0.0E+0 0.0E+0 0.0E+0 0.0E+0 0.0E+0 0.0E+0 0.0E+0 0.0E+0 0.0E+0 0.0E+0 0.0E+0 0.0E+0 0.0E+0 0.0E+0 0.0E+0 0.0E+0 0.0E+0 0.0E+0 0.0E+0 0.0E+0 0.0E+0 0.0E+0 0.0E+0 0.0E+0 0.0E+0 0.0E+0 0.0E+0 0.0E+0 0.0E+0 0.0E+0 0.0E+0 0.0E+0 0.0E+0 0.0E+0 0.0E+0 0.0E+0 0.0E+0 0.0E+0 0.0E+0 0.0E+0 0.0E+0 0.0E+0 0.0E+0 6.855654600401044 95.0 6.855654600401044 0.0E+0 0.0E+0
 0.0E+0 0.0E+0 0.0E+0 0.0E+0 0.0E+0 0.0E+0 0.0E+0 0.0E+0 0.0E+0 0.0E+0 0.0E+0 0.0E+0 0.0E+0 0.0E+0 0.0E+0 0.0E+0 0.0E+0 0.0E+0 0.0E+0 0.0E+0 0.0E+0 0.0E+0 0.0E+0 0.0E+0 0.0E+0 0.0E+0 0.0E+0 0.0E+0 0.0E+0 0.0E+0 0.0E+0 0.0E+0 0.0E+0 0.0E+0 0.0E+0 0.0E+0 0.0E+0 0.0E+0 0.0E+0 0.0E+0 0.0E+0 0.0E+0 0.0E+0 0.0E+0 0.0E+0 0.0E+0 6.928203230275509 97.0 6.928203230275509 0.0E+0
 0.0E+0 0.0E+0 0.0E+0 0.0E+0 0.0E+0 0.0E+0 0.0E+0 0.0E+0 0.0E+0 0.0E+0 0.0E+0 0.0E+0 0.0E+0 0.0E+0 0.0E+0 0.0E+0 0.0E+0 0.0E+0 0.0E+0 0.0E+0 0.0E+0 0.0E+0 0.0E+0 0.0E+0 0.0E+0 0.0E+0 0.0E+0 0.0E+0 0.0E+0 0.0E+0 0.0E+0 0.0E+0 0.0E+0 0.0E+0 0.0E+0 0.0E+0 0.0E+0 0.0E+0 0.0E+0 0.0E+0 0.0E+0 0.0E+0 0.0E+0 0.0E+0 0.0E+0 0.0E+0 0.0E+0 7.0 99.0 7.0
 0.0E+0 0.0E+0 0.0E+0 0.0E+0 0.0E+0 0.0E+0 0.0E+0 0.0E+0 0.0E+0 0.0E+0 0.0E+0 0.0E+0 0.0E+0 0.0E+0 0.0E+0 0.0E+0 0.0E+0 0.0E+0 0.0E+0 0.0E+0 0.0E+0 0.0E+0 0.0E+0 0.0E+0 0.0E+0 0.0E+0 0.0E+0 0.0E+0 0.0E+0 0.0E+0 0.0E+0 0.0E+0 0.0E+0 0.0E+0 0.0E+0 0.0E+0 0.0E+0 0.0E+0 0.0E+0 0.0E+0 0.0E+0 0.0E+0 0.0E+0 0.0E+0 0.0E+0 0.0E+0 0.0E+0 0.0E+0 1.0 1.0
 
 B= 
    1.00000000000000
    1.41421356237310
    1.73205080756888
    2.00000000000000
    2.23606797749979
    2.44948974278318
    2.64575131106459
    2.82842712474619
    3.00000000000000
    3.16227766016838
    3.31662479035540
    3.46410161513775
    3.60555127546399
    3.74165738677394
    3.87298334620742
    4.00000000000000
    4.12310562561766
    4.24264068711928
    4.35889894354067
    4.47213595499958
    4.58257569495584
    4.69041575982343
    4.79583152331272
    4.89897948556636
    5.00000000000000
    5.09901951359278
    5.19615242270663
    5.29150262212918
    5.38516480713450
    5.47722557505166
    5.56776436283002
    5.65685424949238
    5.74456264653803
    5.83095189484530
    5.91607978309962
    6.00000000000000
    6.08276253029822
    6.16441400296898
    6.24499799839840
    6.32455532033676
    6.40312423743285
    6.48074069840786
    6.55743852430200
    6.63324958071080
    6.70820393249937
    6.78232998312527
    6.85565460040104
    6.92820323027551
    7.00000000000000
    0.00000000000000
 W=  1.0
 X0= 
    0.00000000000000
    0.00000000000000
    0.00000000000000
    0.00000000000000
    0.00000000000000
    0.00000000000000
    0.00000000000000
    0.00000000000000
    0.00000000000000
    0.00000000000000
    0.00000000000000
    0.00000000000000
    0.00000000000000
    0.00000000000000
    0.00000000000000
    0.00000000000000
    0.00000000000000
    0.00000000000000
    0.00000000000000
    0.00000000000000
    0.00000000000000
    0.00000000000000
    0.00000000000000
    0.00000000000000
    0.00000000000000
    0.00000000000000
    0.00000000000000
    0.00000000000000
    0.00000000000000
    0.00000000000000
    0.00000000000000
    0.00000000000000
    0.00000000000000
    0.00000000000000
    0.00000000000000
    0.00000000000000
    0.00000000000000
    0.00000000000000
    0.00000000000000
    0.00000000000000
    0.00000000000000
    0.00000000000000
    0.00000000000000
    0.00000000000000
    0.00000000000000
    0.00000000000000
    0.00000000000000
    0.00000000000000
    0.00000000000000
    0.00000000000000
 
 ITERACION----------------------------APROXIMACION
 1 1.0 0.0E+0 0.24743582965269672 0.16723648229940071 0.16928325770548996 0.15652554918528147 0.14877490893950182 0.14162518451882696 0.13553286560229046 0.13017548128836442 0.12542963313121585 0.12118402481687093 0.11735615037850594 0.11388106482161556 0.1107072218937075 0.10779306401288394 0.10510466962810211 0.10261403619861806 0.1002978135785147 0.09813635357773802 0.09611298665718385 0.09421346427739723 0.09242552385980171 0.09073854571907067 0.08914327983146367 0.08763162623068846 0.08619645701386032 0.08483147094424727 0.08353107381810322 0.08229027936432161 0.08110462663457182 0.07997011073324785 0.07888312441164631 0.07784040856646224 0.07683901007987824 0.07587624574685932 0.07494967127639365 0.07405705454330978 0.07319635241782466 0.0723656906200415 0.07156334614295294 0.07078773186523502 0.07003738303817182 0.06931094538245802 0.06860716457274194 0.06792487692243389 0.0672630011099588 0.06662053081141718 0.06599652812444526 -0.06599652812444526
 2 1.0 -0.06998542122237651 0.22337243267049813 0.1349654021386693 0.1440249450466685 0.13325226951966476 0.12789959511067697 0.12254868278394108 0.11799092146226758 0.11392925135007666 0.11029749000340983 0.10701945087195082 0.10404011627238509 0.10131539388395654 0.09880999262005932 0.09649519245476831 0.09434734985269971 0.09234678911337925 0.09047697882312963 0.08872390881787656 0.08707561244907838 0.08552179558164544 0.08405354515304013 0.08266309781636828 0.08134365450519052 0.08008923048391763 0.0788945330986581 0.07775486135488097 0.0766660228437384 0.07562426456945164 0.07462621499941034 0.07366883523858733 0.07274937767119877 0.07186535075132326 0.07101448888639236 0.0701947265619628 0.06940417601683048 0.06864110790461833 0.06790393447913078 0.0671911949217958 0.06650154249479324 0.06583373325634698 0.06518661611771824 0.0645591240566752 0.06395026633118747 0.06335912156102526 0.06278483156479348 0.06222659585646653 0.07097363157450355 -0.07097363157450355
 3 1.0699854212223764 -0.08297413112079366 0.2345713263736905 0.13808971746214243 0.14812080449623687 0.13641389270362522 0.13070671583011328 0.12500023420989 0.12016902859579473 0.11587993033263498 0.11205874682162574 0.10862052777857438 0.10550431649436826 0.10266149113283894 0.10005331701247465 0.0976484040163425 0.09542101074240546 0.09334979224148296 0.09141687385503824 0.0896071533976017 0.08790776813675302 0.08630768235308998 0.08479736445228273 0.08336853146903271 0.08201394490657349 0.08072724611965269 0.07950282247267602 0.07833569767793838 0.0772214413005441 0.07615609358121142 0.07513610259497781 0.07415827141554521 0.07321971344964259 0.07231781448452894 0.07145020028417341 0.07061470879717777 0.0698093662178461 0.06903236628256434 0.06828205229547427 0.06755690146681306 0.0668555112191618 0.06617658717495752 0.06551893258585828 0.06488143900313868 0.06426307801996617 0.06366289394252865 0.06307999726861498 0.06185002521540681 0.07135217418700684 -0.07135217418700684
 4 1.0829741311207936 -0.08981541853173376 0.2354910384459488 0.13697514601284763 0.1477046820569486 0.1359633753372995 0.1303537665976644 0.12469656796786915 0.11990897395255198 0.11565387232781053 0.11186046761393383 0.10844511661736464 0.10534798431968022 0.10252124449625874 0.09992676229361032 0.09753360326836172 0.09531637782154341 0.09325401610589551 0.09132886115326327 0.08952598489509188 0.08783266523417137 0.08623798106585108 0.08473249497742105 0.08330800198537638 0.081957328617154 0.08067417080222834 0.07945296198853001 0.07828876502288633 0.07717718288028563 0.0761142844660066 0.07509654256319578 0.0741207816368824 0.0731841336902612 0.0722840007405418 0.0714180227686266 0.07058405022028992 0.0697801203117353 0.06900443653076328 0.0682553508347459 0.06753134813454854 0.0668310327242825 0.06615311637399485 0.06549640784893335 0.0648598036570525 0.0642422798576531 0.0636428847898064 0.06310861636427463 0.06182094378178064 0.07138099608925842 -0.07138099608925842
 5 1.089815418531734 -0.09201056067707573 0.23630998017515053 0.13688563061508907 0.1478144593270004 0.13600919435480907 0.1303992465731514 0.12473226848613762 0.11993903039779766 0.11567920409369696 0.11188210922450124 0.10846377988939318 0.10536422043283336 0.10253547809715385 0.0999393266447664 0.09754476309499274 0.0953263458780999 0.09326296517041485 0.09133693287715969 0.08953329642056271 0.08783931420640143 0.08624404947391971 0.08473805212940184 0.08331310683572053 0.08196203160412265 0.08067851531089422 0.07945698552489407 0.07829250016312543 0.07718065804350686 0.0761175245473993 0.07509956945595608 0.0741236146649113 0.07318678996882323 0.0722864954784075 0.07142036952241046 0.07058626110952226 0.06978220620151603 0.06900640718751966 0.06825721505957306 0.06753311387778278 0.06683270718429714 0.06615470608267893 0.06549791874588673 0.06486124115418576 0.06424364889559875 0.0636406978068205 0.0631108728428451 0.06181872401540535 0.07138319095471689 -0.07138319095471689
 6 1.0920105606770755 -0.09286307233577758 0.23654307142142108 0.13680943761146191 0.14782063371770096 0.13599946152095165 0.13039466630414633 0.12472802980920152 0.11993569991006867 0.11567644671966439 0.1118798155768662 0.10846184796470039 0.10536257768008071 0.10253406896338346 0.09993810844247404 0.0975437025065971 0.09532541659180609 0.09326214617591815 0.09133620722879036 0.08953265032520635 0.0878387363422515 0.08624353047547273 0.08473758419380419 0.08331268341878609 0.0819616471833647 0.08067816519916804 0.07945666572263757 0.07829220724030404 0.07718038904461502 0.07611727691450046 0.07509934096594227 0.07412340337805029 0.07318659418632553 0.07228631370724667 0.07142020044601045 0.07058610356321701 0.06978205915191182 0.06900626971506525 0.06825708634377863 0.06753299318463671 0.06683259385551404 0.06615459952647987 0.06549781842906655 0.06486114659526583 0.06424381708294363 0.0636405209801072 0.0631110457924707 0.06181855489474439 0.0713833581052506 -0.0713833581052506
 7 1.0928630723357777 -0.0931701272060904 0.2366379006770721 0.1367869923567171 0.14782717484438284 0.13599909205166194 0.13039547910474091 0.12472844869711813 0.11993606914471856 0.11567673650672115 0.11188005237488326 0.10846204277950318 0.10536273983894376 0.10253420521692479 0.09993822392419975 0.09754380114957506 0.09532550145138893 0.09326221965258241 0.09133627122845733 0.0895327063757388 0.08783878567931808 0.08624357410660934 0.0847376229467553 0.08331271797836762 0.08196167811984943 0.08067819299034176 0.07945669077108215 0.07829222988704845 0.07718040957999674 0.07611729558686815 0.07509935798867422 0.07412341893524937 0.07318660843746756 0.07228632679099495 0.07142021248336274 0.07058611466011441 0.06978206940141186 0.06900627919915985 0.06825709513492172 0.06753300134703284 0.06683260144620977 0.06615460659629126 0.06549782502337059 0.06486113356863327 0.06424383107827289 0.0636405073465333 0.06311105898089081 0.06181854201407508 0.07138337083472958 -0.07138337083472958
 8 1.0931701272060903 -0.09328379720237841 0.2366715804671398 0.13677805437521717 0.14782906685280675 0.1359985824053583 0.13039549511301568 0.12472838460114531 0.11993603350928424 0.11567670621472391 0.11188002865051738 0.1084620235974566 0.10536272420534092 0.10253419233425351 0.09993821320974042 0.09754379216228735 0.09532549385434574 0.09326221318512114 0.09133626568672408 0.0895327015986977 0.08783878153857776 0.08624357049892802 0.08473761978845532 0.08331271520112768 0.081961675667503 0.08067819081641826 0.0794566888369022 0.07829222816023604 0.07718040803330845 0.07611729419726515 0.07509935673658157 0.07412341780396124 0.07318660741266672 0.07228632586036225 0.07142021163625806 0.0705861138873148 0.06978206869489534 0.06900627855192629 0.06825709454084354 0.06753300080073044 0.06683260094294664 0.06615460613188588 0.06549782604022865 0.06486113244976151 0.06424383216577195 0.06364050630541508 0.06311105998555362 0.06181854103311708 0.07138337180415442 -0.07138337180415442
 9 1.0932837972023783 -0.09332547401563386 0.23668410438087275 0.13677485083696011 0.1478298216649059 0.13599843716561987 0.13039553203636453 0.12472838438686464 0.11993603832606499 0.115676709061916 0.111880031006021 0.10846202543732399 0.1053627256799852 0.1025341935263991 0.09993821418362608 0.09754379296509433 0.09532549452165913 0.09326221374405122 0.09133626615816817 0.08953270199893164 0.08783878188040031 0.08624357079249356 0.08473762004188688 0.08331271542097338 0.08196167585907925 0.08067819098407052 0.07945668898420463 0.07829222829014575 0.07718040814828567 0.07611729429936741 0.07509935682753814 0.07412341788523234 0.07318660748549077 0.07228632592579404 0.07142021169519953 0.07058611394054014 0.06978206874307148 0.06900627859562972 0.06825709458057429 0.06753300083692348 0.06683260097598155 0.06615460605183783 0.06549782613059467 0.06486113236197419 0.06424383224899094 0.06364050622607774 0.06311106006206961 0.061818540958410994 0.07138337187798185 -0.07138337187798185
 10 1.093325474015634 -0.0933408042962734 0.23668869031172806 0.13677366400519247 0.14783009244694578 0.13599837918706653 0.13039554230061564 0.12472838187771172 0.11993603827269038 0.11567670871525072 0.11188003079069966 0.10846202526282708 0.10536272554408947 0.10253419341827939 0.09993821409683537 0.09754379289472793 0.09532549446410483 0.09326221369659213 0.09133626611873971 0.08953270196594755 0.08783878185262974 0.0862435707689726 0.08473762002185412 0.0833127154038226 0.0819616758443242 0.08067819097131844 0.07945668897313611 0.07829222828049955 0.07718040813984685 0.0761172942919581 0.07509935682101043 0.07412341787946268 0.07318660748037535 0.07228632592124538 0.07142021169114354 0.07058611393691383 0.06978206873982111 0.06900627859270922 0.06825709457794409 0.06753300083454945 0.06683260098234009 0.06615460604446316 0.0654978261377673 0.0648611323552372 0.06424383225533604 0.06364050622003482 0.06311106006789685 0.06181854095272167 0.07138337188360426 -0.07138337188360426
 11 1.0933408042962733 -0.09334643745155478 0.23669037782088175 0.13677322882937165 0.14783019269482797 0.13599835836411755 0.1303955464160116 0.12472838120188044 0.1199360384341372 0.11567670872336339 0.11188003081469243 0.10846202527833282 0.10536272555645704 0.10253419342788167 0.09993821410442692 0.09754379290078402 0.09532549446898224 0.09326221370055397 0.09133626612198344 0.08953270196862285 0.08783878185485129 0.08624357077082909 0.08473762002341471 0.08331271540514178 0.08196167584544509 0.08067819097227548 0.07945668897395702 0.07829222828120676 0.07718040814045858 0.07611729429248931 0.07509935682147341 0.07412341787986756 0.07318660748073064 0.0722863259215581 0.07142021169141964 0.0705861139371583 0.06978206874003813 0.0690062785929024 0.06825709457811648 0.06753300083403951 0.06683260098294837 0.06615460604386993 0.0654978261383198 0.06486113235472313 0.0642438322558194 0.06364050621957458 0.06311106006834062 0.06181854095228839 0.07138337188403243 -0.07138337188403243
 12 1.093346437451555 -0.09334850804814074 0.23669099783875616 0.13677306877031464 0.14783022946432441 0.1359983506604926 0.13039554789400875 0.12472838092911294 0.11993603847592477 0.1156767087134579 0.11188003081388488 0.108462025276731 0.10536272555538866 0.10253419342704002 0.09993821410377546 0.09754379290027179 0.09532549446857587 0.09326221370022862 0.09133626612172079 0.08953270196840919 0.08783878185467622 0.08624357077068467 0.08473762002329485 0.08331271540504169 0.08196167584536107 0.08067819097220458 0.0794566889738969 0.07829222828115555 0.07718040814041476 0.07611729429245168 0.07509935682144094 0.07412341787983948 0.07318660748070623 0.07228632592153685 0.07142021169140104 0.07058611393714198 0.0697820687400238 0.06900627859288974 0.06825709457815779 0.06753300083398879 0.06683260098299804 0.06615460604382402 0.065497826138362 0.06486113235468396 0.06424383225585621 0.06364050621953955 0.06311106006837441 0.06181854095225541 0.07138337188406504 -0.07138337188406504
 13 1.0933485080481406 -0.0933492690688329 0.23669122574688808 0.1367730099530639 0.14783024298661534 0.135998347834104 0.1303955484406485 0.12472838083121152 0.11993603849294694 0.11567670871101622 0.11188003081446796 0.10846202527679825 0.10536272555549207 0.10253419342711076 0.09993821410383061 0.09754379290031437 0.09532549446860918 0.09326221370025492 0.09133626612174173 0.08953270196842603 0.08783878185468984 0.08624357077069575 0.08473762002330393 0.08331271540504916 0.08196167584536729 0.08067819097220975 0.07945668897390126 0.07829222828115921 0.07718040814041785 0.07611729429245431 0.07509935682144321 0.0741234178798414 0.07318660748070789 0.07228632592153827 0.0714202116914023 0.07058611393714306 0.06978206874002472 0.06900627859288636 0.06825709457816208 0.06753300083398459 0.0668326009830019 0.0661546060438205 0.06549782613836522 0.06486113235468097 0.06424383225585903 0.06364050621953689 0.063111060068377 0.061818540952252885 0.07138337188406753 -0.07138337188406753
 14 1.093349269068833 -0.09334954878014398 0.23669130951098366 0.13677298833386686 0.14783024795588725 0.13599834679478331 0.13039554864123564 0.1247283807950061 0.11993603849904913 0.1156767087100095 0.11188003081460342 0.10846202527676518 0.10536272555548706 0.10253419342710428 0.09993821410382611 0.09754379290031089 0.09532549446860648 0.09326221370025284 0.09133626612174008 0.08953270196842471 0.08783878185468878 0.08624357077069492 0.08473762002330326 0.08331271540504862 0.08196167584536683 0.08067819097220938 0.07945668897390094 0.07829222828115895 0.07718040814041764 0.07611729429245412 0.07509935682144304 0.07412341787984127 0.07318660748070777 0.07228632592153816 0.07142021169140221 0.07058611393714301 0.069782068740025 0.06900627859288601 0.06825709457816242 0.06753300083398425 0.0668326009830022 0.06615460604382022 0.06549782613836547 0.06486113235468075 0.06424383225585922 0.06364050621953668 0.06311106006837719 0.06181854095225269 0.07138337188406771 -0.07138337188406771
 15 1.093349548780144 -0.09334965158651388 0.23669134029832702 0.13677298038795238 0.14783024978239606 0.13599834641283325 0.13039554871499131 0.12472838078171952 0.11993603850130595 0.11567670870964927 0.11188003081466012 0.10846202527675801 0.10536272555548887 0.10253419342710463 0.0999382141038265 0.09754379290031115 0.0953254944686067 0.09326221370025298 0.09133626612174021 0.08953270196842479 0.08783878185468887 0.08624357077069497 0.08473762002330332 0.08331271540504867 0.08196167584536684 0.08067819097220943 0.07945668897390097 0.07829222828115898 0.07718040814041766 0.07611729429245413 0.07509935682144306 0.07412341787984128 0.07318660748070778 0.07228632592153816 0.07142021169140221 0.07058611393714298 0.06978206874002504 0.06900627859288597 0.06825709457816245 0.06753300083398422 0.06683260098300223 0.0661546060438202 0.06549782613836548 0.06486113235468073 0.06424383225585924 0.06364050621953665 0.0631110600683772 0.06181854095225269 0.07138337188406772 -0.07138337188406772
 16 1.093349651586514 -0.09334968937252217 0.23669135161404325 0.13677297746745797 0.1478302504537133 0.13599834627244486 0.13039554874209705 0.12472838077683422 0.11993603850213418 0.115676708709516 0.1118800308146804 0.10846202527675494 0.10536272555548924 0.10253419342710453 0.09993821410382649 0.09754379290031112 0.09532549446860669 0.09326221370025298 0.0913362661217402 0.08953270196842479 0.08783878185468887 0.08624357077069497 0.08473762002330332 0.08331271540504866 0.08196167584536684 0.08067819097220941 0.07945668897390097 0.07829222828115898 0.07718040814041766 0.07611729429245413 0.07509935682144306 0.07412341787984128 0.07318660748070778 0.07228632592153816 0.07142021169140221 0.07058611393714297 0.06978206874002503 0.06900627859288597 0.06825709457816245 0.06753300083398421 0.06683260098300223 0.0661546060438202 0.06549782613836548 0.06486113235468072 0.06424383225585925 0.06364050621953665 0.06311106006837722 0.06181854095225269 0.07138337188406774 -0.07138337188406774
 17 1.093349689372522 -0.09334970326058704 0.2366913557730831 0.13677297639404523 0.14783025070045352 0.1359983462208462 0.13039554875205985 0.12472838077503885 0.11993603850243868 0.11567670870946711 0.11188003081468789 0.10846202527675385 0.10536272555548941 0.1025341934271045 0.09993821410382649 0.09754379290031112 0.09532549446860669 0.09326221370025298 0.0913362661217402 0.08953270196842479 0.08783878185468887 0.08624357077069497 0.08473762002330332 0.08331271540504867 0.08196167584536684 0.08067819097220941 0.07945668897390097 0.07829222828115898 0.07718040814041766 0.07611729429245413 0.07509935682144306 0.07412341787984128 0.07318660748070778 0.07228632592153816 0.07142021169140221 0.07058611393714297 0.06978206874002504 0.06900627859288597 0.06825709457816247 0.06753300083398422 0.06683260098300223 0.0661546060438202 0.0654978261383655 0.06486113235468073 0.06424383225585924 0.06364050621953665 0.0631110600683772 0.06181854095225269 0.07138337188406772 -0.07138337188406772
 18 1.093349703260587 -0.09334970836507911 0.23669135730171808 0.1367729759995174 0.14783025079114162 0.13599834620188133 0.13039554875572162 0.12472838077437891 0.11993603850255063 0.11567670870944911 0.11188003081469064 0.10846202527675344 0.10536272555548946 0.1025341934271045 0.09993821410382649 0.09754379290031112 0.09532549446860669 0.09326221370025298 0.0913362661217402 0.08953270196842479 0.08783878185468887 0.08624357077069497 0.08473762002330332 0.08331271540504866 0.08196167584536684 0.08067819097220941 0.07945668897390097 0.07829222828115898 0.07718040814041766 0.07611729429245413 0.07509935682144306 0.07412341787984128 0.07318660748070778 0.07228632592153816 0.07142021169140221 0.07058611393714297 0.06978206874002503 0.06900627859288597 0.06825709457816247 0.06753300083398421 0.06683260098300223 0.0661546060438202 0.06549782613836548 0.06486113235468072 0.06424383225585925 0.06364050621953665 0.06311106006837722 0.06181854095225269 0.07138337188406774 -0.07138337188406774
 19 1.0933497083650791 -0.09334971024121082 0.2366913578635606 0.13677297585451062 0.1478302508244736 0.1359983461949109 0.13039554875706751 0.12472838077413635 0.11993603850259175 0.11567670870944252 0.11188003081469167 0.10846202527675328 0.10536272555548946 0.1025341934271045 0.09993821410382649 0.09754379290031112 0.09532549446860669 0.09326221370025298 0.0913362661217402 0.08953270196842479 0.08783878185468887 0.08624357077069497 0.08473762002330332 0.08331271540504867 0.08196167584536684 0.08067819097220941 0.07945668897390097 0.07829222828115898 0.07718040814041766 0.07611729429245413 0.07509935682144306 0.07412341787984128 0.07318660748070778 0.07228632592153816 0.07142021169140221 0.07058611393714297 0.06978206874002504 0.06900627859288597 0.06825709457816247 0.06753300083398422 0.06683260098300223 0.0661546060438202 0.0654978261383655 0.06486113235468073 0.06424383225585924 0.06364050621953665 0.0631110600683772 0.06181854095225269 0.07138337188406772 -0.07138337188406772
 20 1.0933497102412108 -0.09334971093077403 0.23669135807006314 0.13677297580121403 0.1478302508367246 0.13599834619234893 0.13039554875756217 0.12472838077404727 0.11993603850260688 0.11567670870944007 0.11188003081469201 0.10846202527675324 0.10536272555548948 0.1025341934271045 0.09993821410382649 0.09754379290031112 0.09532549446860669 0.09326221370025298 0.0913362661217402 0.08953270196842479 0.08783878185468887 0.08624357077069497 0.08473762002330332 0.08331271540504866 0.08196167584536684 0.08067819097220941 0.07945668897390097 0.07829222828115898 0.07718040814041766 0.07611729429245413 0.07509935682144306 0.07412341787984128 0.07318660748070778 0.07228632592153816 0.07142021169140221 0.07058611393714297 0.06978206874002503 0.06900627859288597 0.06825709457816247 0.06753300083398421 0.06683260098300223 0.0661546060438202 0.06549782613836548 0.06486113235468072 0.06424383225585925 0.06364050621953665 0.06311106006837722 0.06181854095225269 0.07138337188406774 -0.07138337188406774
 21 1.0933497109307741 -0.09334971118421974 0.23669135814596214 0.13677297578162514 0.14783025084122741 0.1359983461914073 0.13039554875774395 0.12472838077401449 0.11993603850261245 0.11567670870943918 0.11188003081469217 0.10846202527675322 0.10536272555548949 0.1025341934271045 0.09993821410382649 0.09754379290031112 0.09532549446860669 0.09326221370025298 0.0913362661217402 0.08953270196842479 0.08783878185468887 0.08624357077069497 0.08473762002330332 0.08331271540504867 0.08196167584536684 0.08067819097220941 0.07945668897390097 0.07829222828115898 0.07718040814041766 0.07611729429245413 0.07509935682144306 0.07412341787984128 0.07318660748070778 0.07228632592153816 0.07142021169140221 0.07058611393714297 0.06978206874002504 0.06900627859288597 0.06825709457816247 0.06753300083398422 0.06683260098300223 0.0661546060438202 0.0654978261383655 0.06486113235468073 0.06424383225585924 0.06364050621953665 0.0631110600683772 0.06181854095225269 0.07138337188406772 -0.07138337188406772
 
 La solucion es X= 
    1.09334971093077
   -0.09334971118422
    0.23669135814596
    0.13677297578163
    0.14783025084123
    0.13599834619141
    0.13039554875774
    0.12472838077401
    0.11993603850261
    0.11567670870944
    0.11188003081469
    0.10846202527675
    0.10536272555549
    0.10253419342710
    0.09993821410383
    0.09754379290031
    0.09532549446861
    0.09326221370025
    0.09133626612174
    0.08953270196842
    0.08783878185469
    0.08624357077069
    0.08473762002330
    0.08331271540505
    0.08196167584537
    0.08067819097221
    0.07945668897390
    0.07829222828116
    0.07718040814042
    0.07611729429245
    0.07509935682144
    0.07412341787984
    0.07318660748071
    0.07228632592154
    0.07142021169140
    0.07058611393714
    0.06978206874003
    0.06900627859289
    0.06825709457816
    0.06753300083398
    0.06683260098300
    0.06615460604382
    0.06549782613837
    0.06486113235468
    0.06424383225586
    0.06364050621954
    0.06311106006838
    0.06181854095225
    0.07138337188407
   -0.07138337188407
