 PUNTO INICIAL=    1.00000000000000     
 NUMERO DE ITERACIONES=          101
 COTA DE ERROR=   1.000000000000000E-009
 
 ITERACION...APROXIMACION                

     1     1.00000000000000
     2     1.49924357034794
     3     1.59846680769349
     4     1.59999475757066
     5     1.59999548544039
     6     1.59996505310774
     7     1.59995300367259
     8     1.59993755451152
     9     1.59991693270435
    10     1.59989881231165
    11     1.59985477506894
    12     1.59979139265583
    13     1.59975362899955
    14     1.59982477602169
    15     1.59963040553821
    16     1.59975692899339
    17     1.59954605406065
    18     1.59985632209328
    19     1.59981604143760
    20     1.59976823646644
    21     1.59976162379071
    22     1.59976887707869
    23     1.59985800354731
    24     1.59981667350120
    25     1.59979479058072
    26     1.59974933948883
    27     1.59974078713318
    28     1.59988074644340
    29     1.59985330178336
    30     1.59978308611782
    31     1.59982481595232
    32     1.59978364298052
    33     1.59986627870907
    34     1.59982468868878
    35     1.59854663882552
    36     1.59999836856625
    37     1.60012611703702
    38     1.60018257121519
    39     1.60052477716766
    40     1.60009487588419
    41     1.60012499531132
    42     1.60016412528176
    43     1.60021161851854
    44     1.60024584319480
    45     1.59973130332833
    46     1.59971700237651
    47     1.59977457199021
    48     1.59973957755110
    49     1.59972911640627
    50     1.60013800794323
    51     1.60017594408012
    52     1.60037758638478
    53     1.60013354001708
    54     1.60019456456334
    55     1.60024189712140
    56     1.60048416159750
    57     1.59998665214518
    58     1.59998317145324
    59     1.59997759127286
    60     1.59996998262035
    61     1.59995936354148
    62     1.59994543196805
    63     1.59992678962784
    64     1.59990259128727
    65     1.59987281614858
    66     1.59989506323509
    67     1.59987091044808
    68     1.59983023333272
    69     1.59972009874071
    70     1.59170526253792
    71     1.59999059120833
    72     1.59997997102755
    73     1.59997204450354
    74     1.59996183675744
    75     1.59994894724040
    76     1.59993195276797
    77     1.59990944954810
    78     1.59989216766795
    79     1.59985778268095
    80     1.59981290010746
    81     1.59976730949807
    82     1.59975358608564
    83     1.59974797944544
    84     1.59973141961590
    85     1.59975246545864
    86     1.59975886182420
    87     1.59973819382060
    88     1.59972078804995
    89     1.59993391489982
    90     1.59991197809496
    91     1.59988301862130
    92     1.59984565907585
    93     1.59967361457044
    94     1.59978232479123
    95     1.59977453360327
    96     1.60007687213831
    97     1.60010217606613
    98     1.60013553045608
    99     1.60017059630416
   100     1.60021421726591
   101     1.60022678948919
