 FUNCION= (X**5-6.15_8*(X**4)+13.76_8*(X**3)-12.544_8*(X**2)+2.4576_8*X+1.7384_8)/(5_8*(X**4)-24.6_8*(X**3)+41.28_8*(X**2)-25.088_8*X+2.4576_8) 
 PUNTO INICIAL= 1.0
 VALOR DE m=  2
 NUMERO DE ITERACIONES=  101
 COTA DE ERROR=  1.0E-9
 
 ITERACION...APROXIMACION                

     1     1.55134680134680
     2   244.22619107311101
     3   147.02861195825358
     4    88.71065816982355
     5    53.72086739666968
     6    32.72860693376455
     7    20.13588136453338
     8    12.58447181519039
     9     8.06025381517656
    10     5.35571962473528
    11     3.74712326279684
    12     2.79954930689497
    13     2.24482611196247
    14     1.87177016922842
    15     0.60253295925682
    16     1.39098669148731
    17     4.94558044124266
    18     3.50451833700955
    19     2.65771838841612
    20     2.15962472003448
    21     1.78326997960273
    22    -2.21316423135152
    23    -0.93008884159031
    24    -0.27699712173086
    25    -0.24117668908043
    26    -0.27691228317657
    27    -0.24124904215823
    28    -0.27682858403279
    29    -0.24132047552125
    30    -0.27674599909196
    31    -0.24139100862847
    32    -0.27666450391940
    33    -0.24146066036489
    34    -0.27658407482316
    35    -0.24152944906307
    36    -0.27650468882526
    37    -0.24159739252391
    38    -0.27642632363429
    39    -0.24166450803629
    40    -0.27634895761926
    41    -0.24173081239593
    42    -0.27627256978469
    43    -0.24179632192339
    44    -0.27619713974681
    45    -0.24186105248128
    46    -0.27612264771082
    47    -0.24192501949066
    48    -0.27604907444929
    49    -0.24198823794678
    50    -0.27597640128132
    51    -0.24205072243416
    52    -0.27590461005285
    53    -0.24211248714092
    54    -0.27583368311764
    55    -0.24217354587259
    56    -0.27576360331922
    57    -0.24223391206534
    58    -0.27569435397354
    59    -0.24229359879858
    60    -0.27562591885236
    61    -0.24235261880712
    62    -0.27555828216743
    63    -0.24241098449275
    64    -0.27549142855525
    65    -0.24246870793541
    66    -0.27542534306249
    67    -0.24252580090390
    68    -0.27536001113204
    69    -0.24258227486608
    70    -0.27529541858964
    71    -0.24263814099876
    72    -0.27523155163101
    73    -0.24269341019716
    74    -0.27516839680953
    75    -0.24274809308395
    76    -0.27510594102448
    77    -0.24280220001803
    78    -0.27504417150961
    79    -0.24285574110288
    80    -0.27498307582231
    81    -0.24290872619463
    82    -0.27492264183311
    83    -0.24296116490980
    84    -0.27486285771565
    85    -0.24301306663279
    86    -0.27480371193701
    87    -0.24306444052302
    88    -0.27474519324839
    89    -0.24311529552187
    90    -0.27468729067625
    91    -0.24316564035928
    92    -0.27462999351365
    93    -0.24321548356018
    94    -0.27457329131200
    95    -0.24326483345068
    96    -0.27451717387315
    97    -0.24331369816395
    98    -0.27446163124165
    99    -0.24336208564598
   100    -0.27440665369748
   101     0.00000000000000
