 FUNCION= X**5-6.15_8*(X**4)+13.76_8*(X**3)-12.544_8*(X**2)+2.4576_8*X+1.5384_8
 PUNTO INICIAL=  1.0
 VALOR DE m=  2
 NUMERO DE ITERACIONES=  101
 COTA DE ERROR=  1.0E-9
 
 ITERACION...APROXIMACION                

     1     1.13047138047138
     2     1.00462487219979
     3     1.12812877968007
     4     1.00851499359661
     5     1.12608022618461
     6     1.01184520740705
     7     1.12426765108177
     8     1.01473729438325
     9     1.12264805165142
    10     1.01727900497121
    11     1.12118877551831
    12     1.01953536847776
    13     1.11986450060913
    14     1.02155572728706
    15     1.11865523188205
    16     1.02337828243445
    17     1.11754493215453
    18     1.02503312780461
    19     1.11652056188594
    20     1.02654433274852
    21     1.11557139048074
    22     1.02793140663307
    23     1.11468849249299
    24     1.02921035090050
    25     1.11386437259106
    26     1.03039442918210
    27     1.11309268198409
    28     1.03149474056810
    29     1.11236800097969
    30     1.03252065282269
    31     1.11168567012688
    32     1.03348013423874
    33     1.11104165757350
    34     1.03438001099952
    35     1.11043245377358
    36     1.03522616902231
    37     1.10985498709962
    38     1.03602371389484
    39     1.10930655560998
    40     1.03677709880646
    41     1.10878477142800
    42     1.03749022777271
    43     1.10828751505906
    44     1.03816653959668
    45     1.10781289760680
    46     1.03880907667371
    47     1.10735922931858
    48     1.03942054176762
    49     1.10692499324072
    50     1.04000334516533
    51     1.10650882302764
    52     1.04055964407804
    53     1.10610948415030
    54     1.04109137575051
    55     1.10572585790351
    56     1.04160028543171
    57     1.10535692773098
    58     1.04208795012273
    59     1.10500176748028
    60     1.04255579883457
    61     1.10465953127299
    62     1.04300512994595
    63     1.10432944473329
    64     1.04343712613874
    65     1.10401079736412
    66     1.04385286730047
    67     1.10370293589733
    68     1.04425334171270
    69     1.10340525847352
    70     1.04463945578799
    71     1.10311720953173
    72     1.04501204257239
    73     1.10283827530862
    74     1.04537186919441
    75     1.10256797986289
    76     1.04571964341101
    77     1.10230588155365
    78     1.04605601937718
    79     1.10205156991283
    80     1.04638160274552
    81     1.10180466286018
    82     1.04669695518586
    83     1.10156480421749
    84     1.04700259840110
    85     1.10133166148451
    86     1.04729901770435
    87     1.10110492384470
    88     1.04758666521293
    89     1.10088430037294
    90     1.04786596270659
    91     1.10066951842178
    92     1.04813730419096
    93     1.10046032216521
    94     1.04840105820149
    95     1.10025647128220
    96     1.04865756987818
    97     1.10005773976441
    98     1.04890716283790
    99     1.09986391483430
   100     1.04915014086666
   101     0.00000000000000
