 FUNCION= X**5-6.15_8*(X**4)+13.76_8*(X**3)-12.544_8*(X**2)+2.4576_8*X+1.5384_8
 PUNTO INICIAL=  1.0
 VALOR DE m=  5
 NUMERO DE ITERACIONES=  101
 COTA DE ERROR=  1.0E-9
 
 ITERACION...APROXIMACION                

     1     1.32617845117844
     2    -2.35418316624845
     3     1.00932815889889
     4     1.30011456398896
     5    -1.44800275805884
     6     0.88301812122576
     7     1.59209358214763
     8 ********************
     9     1.22999601578340
    10    -0.05518745526845
    11    -1.76991496638444
    12     0.94163412796231
    13     1.46997614335238
    14   -32.06241361280085
    15     1.21298457707363
    16     0.15267134420855
    17    16.98130675954674
    18     1.26247835342986
    19    -0.56708353558742
    20     0.44730902247422
    21     2.70355485010686
    22     1.47075655278900
    23   -32.65695308780551
    24     1.21329321486697
    25     0.14919441431184
    26    18.86532340203713
    27     1.25921365603524
    28    -0.50724976808153
    29     0.37402025772247
    30     3.17209397713022
    31     1.41785050309765
    32   -11.09752017840176
    33     1.18118786115933
    34     0.46325210749817
    35     2.62699618381275
    36     1.48525348556338
    37   -46.84952614395993
    38     1.21834139567359
    39     0.09085815082348
    40   -16.56247327701535
    41     1.19717613148910
    42     0.31810679845913
    43     3.75453346115987
    44     1.38341683622395
    45    -6.12732202795738
    46     1.14238113377586
    47     0.74496574587867
    48     1.85023556059351
    49     5.23497085084426
    50     1.33746533949492
    51    -2.85945624448750
    52     1.04658653217079
    53     1.18424238215974
    54     0.43705315244944
    55     2.75662105377888
    56     1.46220208019823
    57   -26.83638268836487
    58     1.20968586299374
    59     0.18921066677326
    60     8.62750993491036
    61     1.29440052834648
    62    -1.28721902470799
    63     0.84381626581378
    64     1.66703174982493
    65   216.19848925104893
    66     1.23253426434079
    67    -0.08928092051868
    68    -1.28745792018568
    69     0.84388108221579
    70     1.66691044969022
    71   217.38476134282303
    72     1.23252042718099
    73    -0.08909270362767
    74    -1.28969086630489
    75     0.84448586781554
    76     1.66577831597280
    77   228.88692521526119
    78     1.23239370270858
    79    -0.08737017729555
    80    -1.31031398056790
    81     0.84998327873323
    82     1.65546017907853
    83   383.37056161844447
    84     1.23142883026566
    85    -0.07432646528258
    86    -1.47830375885512
    87     0.88953167445634
    88     1.57924240028030
    89 -7660.37733033550376
    90     1.22992851639083
    91    -0.05429254739832
    92    -1.78511262977535
    93     0.94391611969259
    94     1.46485799161871
    95   -28.48958208554409
    96     1.21085968793112
    97     0.17633744687920
    98    10.33484940535017
    99     1.28362291968107
   100    -1.01316865349114
   101     0.00000000000000
