 FUNCION= (X**5-6.15_8*(X**4)+13.76_8*(X**3)-12.544_8*(X**2)+2.4576_8*X+1.7384_8)/(5_8*(X**4)-24.6_8*(X**3)+41.28_8*(X**2)-25.088_8*X+2.4576_8) 
 PUNTO INICIAL= 1.0
 VALOR DE m=  5
 NUMERO DE ITERACIONES=  101
 COTA DE ERROR=  1.0E-9
 
 ITERACION...APROXIMACION                

     1     2.37836700336699
     2     1.37857897886839
     3     8.98428314928065
     4     1.29174798735549
     5     4.61105736803814
     6     1.35111556475248
     7     6.94355436530892
     8     1.31015538037702
     9     5.14075557311402
    10     1.33861856276781
    11     6.27459903012058
    12     1.31881505243619
    13     5.43886022613817
    14     1.33262205429773
    15     5.99575873476638
    16     1.32299610382223
    17     5.59610974089265
    18     1.32971183158422
    19     5.86903358350208
    20     1.32502722014122
    21     5.67591023608203
    22     1.32829589780040
    23     5.80928469738076
    24     1.32601543863511
    25     5.71557756802576
    26     1.32760663130787
    27     5.78063773979178
    28     1.32649644407116
    29     5.73508866657923
    30     1.32727107076529
    31     5.76679371410687
    32     1.32673059688397
    33     5.74463533683742
    34     1.32710770653340
    35     5.76007798364867
    36     1.32684458670399
    37     5.74929442523203
    38     1.32702817484204
    39     5.75681421051089
    40     1.32690007983521
    41     5.75156534249814
    42     1.32698945610966
    43     5.75522664114414
    44     1.32692709546425
    45     5.75267154310004
    46     1.32697060657283
    47     5.75445407964339
    48     1.32694024747450
    49     5.75321022941455
    50     1.32696143002101
    51     5.75407804776304
    52     1.32694665027177
    53     5.75347251499186
    54     1.32695696258854
    55     5.75389500157954
    56     1.32694976734949
    57     5.75360021235188
    58     1.32695478770355
    59     5.75380589325021
    60     1.32695128483877
    61     5.75366238141779
    62     1.32695372890216
    63     5.75376251355979
    64     1.32695202359934
    65     5.75369264772562
    66     1.32695321344488
    67     5.75374139522251
    68     1.32695238325079
    69     5.75370738241465
    70     1.32695296250433
    71     5.75373111421926
    72     1.32695255834022
    73     5.75371455574325
    74     1.32695284033873
    75     5.75372610912302
    76     1.32695264357915
    77     5.75371804794695
    78     1.32695278086475
    79     5.75372367249067
    80     1.32695268507610
    81     5.75371974806167
    82     1.32695275191097
    83     5.75372248626375
    84     1.32695270527809
    85     5.75372057573005
    86     1.32695273781538
    87     5.75372190877206
    88     1.32695271511304
    89     5.75372097866471
    90     1.32695273095321
    91     5.75372162763120
    92     1.32695271990100
    93     5.75372117482602
    94     1.32695272761249
    95     5.75372149076305
    96     1.32695272223194
    97     5.75372127032363
    98     1.32695272598612
    99     5.75372142413085
   100     1.32695272336671
   101     0.00000000000000
