 FUNCION= (X**5-6.15_8*(X**4)+13.76_8*(X**3)-12.544_8*(X**2)+2.4576_8*X+1.7384_8)/(5_8*(X**4)-24.6_8*(X**3)+41.28_8*(X**2)-25.088_8*X+2.4576_8) 
 PUNTO INICIAL= -1.0
 VALOR DE m=  3
 NUMERO DE ITERACIONES=  101
 COTA DE ERROR=  1.0E-9
 
 ITERACION...APROXIMACION                

     1     0.04769084465830
     2    -3.56491507292875
     3    -0.77701137215553
     4     0.06589281553507
     5    -5.00089931903892
     6    -1.32647959529433
     7    -0.01808140109483
     8    -1.54612983922027
     9    -0.07649504124091
    10    -0.89989862100512
    11     0.05965642388172
    12    -4.41089722384706
    13    -1.09881335363848
    14     0.03140533205976
    15    -2.78253972915056
    16    -0.48796772722078
    17     0.01323123623218
    18    -2.19335349071314
    19    -0.28089381778468
    20    -0.17143411382255
    21    -0.42092696522180
    22    -0.02433375485300
    23    -1.45112725443434
    24    -0.05023014285128
    25    -1.13375519147999
    26     0.02477958634713
    27    -2.54139684181790
    28    -0.40169530880003
    29    -0.03813130954700
    30    -1.26870422482049
    31    -0.00424620769515
    32    -1.79116050875766
    33    -0.14957566569591
    34    -0.49907494126571
    35     0.01812178341354
    36    -2.33099616177227
    37    -0.32804708619775
    38    -0.10785041019051
    39    -0.69427586715053
    40     0.06289162333572
    41    -4.70082189496170
    42    -1.21043335636102
    43     0.00890113018961
    44    -2.08172965527925
    45    -0.24337394352083
    46    -0.23718138081261
    47    -0.24965149621138
    48    -0.22504769642876
    49    -0.27562976568400
    50    -0.17974156189995
    51    -0.39453231717889
    52    -0.04367685142447
    53    -1.20429119027682
    54     0.01023545347169
    55    -2.11517450663096
    56    -0.25454155432467
    57    -0.21593357447177
    58    -0.29659772570248
    59    -0.14820258917703
    60    -0.50445416908391
    61     0.02037219853517
    62    -2.39893172751814
    63    -0.35163645767882
    64    -0.08217901437417
    65    -0.85762152763069
    66     0.06300502895462
    67    -4.71158430433494
    68    -1.21458686986296
    69     0.00799303132153
    70    -2.05943045554648
    71    -0.23596538273612
    72    -0.25216083470411
    73    -0.22033470099678
    74    -0.28630899171686
    75    -0.16316754614930
    76    -0.44891257717029
    77    -0.00682658879659
    78    -1.74132071558848
    79    -0.13418398451269
    80    -0.56302028990099
    81     0.04043232413004
    82    -3.17634872931374
    83    -0.63204636819835
    84     0.05546808601182
    85    -4.07890709178824
    86    -0.97173374713752
    87     0.05158514705102
    88    -3.80759978926679
    89    -0.86859745272771
    90     0.06224580489468
    91    -4.64034123108062
    92    -1.18710488800249
    93     0.01391358598775
    94    -2.21178632723419
    95    -0.28715478226247
    96    -0.16190125927921
    97    -0.45336065693079
    98    -0.00429946638740
    99    -1.79011051197604
   100    -0.14924897911538
   101     0.00000000000000
