 FUNCION= (X**5-6.15_8*(X**4)+13.76_8*(X**3)-12.544_8*(X**2)+2.4576_8*X+1.7384_8)/(5_8*(X**4)-24.6_8*(X**3)+41.28_8*(X**2)-25.088_8*X+2.4576_8) 
 PUNTO INICIAL= -1.0
 VALOR DE m=  5
 NUMERO DE ITERACIONES=  101
 COTA DE ERROR=  1.0E-9
 
 ITERACION...APROXIMACION                

     1     0.74615140776383
     2     1.84799530432978
     3     5.34115884636330
     4     1.33524670639527
     5    -2.75355264995098
     6     1.03985624364523
     7     1.20675082754563
     8     0.22079105839318
     9     6.28485099206080
    10     1.31898391093452
    11    -2.07159417494960
    12     0.98105810526463
    13     1.37616272004025
    14    -5.43240991718393
    15     1.13142794294463
    16     0.81038509254408
    17     1.72896702278942
    18    30.54490156911610
    19     1.24799855037903
    20    -0.31716731298348
    21     0.00985211387786
    22    -3.51570461890334
    23     1.07958814839752
    24     1.06127145891243
    25     1.13228866613915
    26     0.80543092912593
    27     1.73808203952614
    28    25.04246768866854
    29     1.25197245349592
    30    -0.38191450542549
    31     0.16457020139696
    32    12.75764148786427
    33     1.27333656658056
    34    -0.78258497821794
    35     0.63148968507196
    36     2.08539431025556
    37     1.95352488498997
    38     2.76305205653775
    39     1.46123370882244
    40   -26.26425003629103
    41     1.20924536884888
    42     0.19400530533992
    43     8.14330180677742
    44     1.29829569230225
    45    -1.39556477498678
    46     0.87113719860580
    47     1.61519824675073
    48 19052.72653833805452
    49     1.23002874147642
    50    -0.05562154939185
    51    -1.76259864397255
    52     0.94052253449367
    53     1.47245721770826
    54   -34.00273646877724
    55     1.21395211402220
    56     0.14173771939688
    57    24.93776399213920
    58     1.25206515733694
    59    -0.38345793018649
    60     0.16777691886579
    61    11.97915883544491
    62     1.27618282323714
    63    -0.84363579705279
    64     0.66884728390390
    65     2.00205126011165
    66     2.33852785561384
    67     1.58873147683202
    68 ********************
    69     1.22998849146097
    70    -0.05508766792538
    71    -1.77160191887747
    72     0.94188922353645
    73     1.46940566412722
    74   -31.63661617431542
    75     1.21275643496288
    76     0.15523497297890
    77    15.83028002220200
    78     1.26485836672791
    79    -0.61208881683069
    80     0.49462243087129
    81     2.49409867662566
    82     1.51958710084959
    83  -135.79018729963957
    84     1.22597086890744
    85    -0.00285465221671
    86    -3.02963639761913
    87     1.05645862384849
    88     1.14976856762651
    89     0.69774226969950
    90     1.94217391163602
    91     2.90035905279329
    92     1.44331019081240
    93   -17.99956334793661
    94     1.19977925419247
    95     0.29247875784660
    96     4.14551468404770
    97     1.36753838765763
    98    -4.71210848772550
    99     1.11675701845575
   100     0.89035651525777
   101     0.00000000000000
