 FUNCION= (X**5-6.15_8*(X**4)+13.76_8*(X**3)-12.544_8*(X**2)+2.4576_8*X+1.7384_8)/(5_8*(X**4)-24.6_8*(X**3)+41.28_8*(X**2)-25.088_8*X+2.4576_8) 
 PUNTO INICIAL= -1.0
 VALOR DE m=  4
 NUMERO DE ITERACIONES=  101
 COTA DE ERROR=  1.0E-9
 
 ITERACION...APROXIMACION                

     1     0.39692112621107
     2     2.47944893432123
     3     1.71540823538806
     4    34.22345726274296
     5     7.84153713856564
     6     2.60908485516553
     7     1.71309743337418
     8    36.31438625547885
     9     8.25898083835463
    10     2.68965437727866
    11     1.71647590205340
    12    33.31338844229501
    13     7.65987557300040
    14     2.57412454899478
    15     1.71259804734360
    16    36.78932052000048
    17     8.35381092574980
    18     2.70799873464286
    19     1.71759862199516
    20    32.39215116787344
    21     7.47600487066173
    22     2.53880864472721
    23     1.71284780874835
    24    36.55072446905808
    25     8.30616996002089
    26     2.69878104255583
    27     1.71702017119574
    28    32.86232129156057
    29     7.56984396387546
    30     2.55682318134435
    31     1.71261720757149
    32    36.77094089735403
    33     8.35014099236152
    34     2.70728853836880
    35     1.71755305215005
    36    32.42885110692146
    37     7.48332943860616
    38     2.54021406466775
    39     1.71282163018128
    40    36.57563246085677
    41     8.31114334224966
    42     2.69974313512196
    43     1.71707921552433
    44    32.81389764669223
    45     7.56017905224883
    46     2.55496689806442
    47     1.71263071284806
    48    36.75799344447186
    49     8.34755572582957
    50     2.70678825690402
    51     1.71752105080368
    52    32.45465804943667
    53     7.48848000501286
    54     2.54120241400545
    55     1.71280407280329
    56    36.59235080923681
    57     8.31448150351833
    58     2.70038891920036
    59     1.71711902368155
    60    32.78130583575999
    61     7.55367406132735
    62     2.55371763554104
    63     1.71264109462264
    64    36.74804475303399
    65     8.34556923528388
    66     2.70640385329528
    67     1.71749651766071
    68    32.47446167486381
    69     7.49243243719012
    70     2.54196089160530
    71     1.71279107372893
    72    36.60473547598593
    73     8.31695435958918
    74     2.70086731717379
    75     1.71714860447777
    76    32.75711643950201
    77     7.54884612339406
    78     2.55279050468359
    79     1.71264947643691
    80    36.74001530084751
    81     8.34396596734130
    82     2.70609361123923
    83     1.71747675307733
    84    32.49042821655722
    85     7.49561906681519
    86     2.54257243574674
    87     1.71278089185875
    88    36.61444013270798
    89     8.31889209790119
    90     2.70124219828475
    91     1.71717183843011
    92    32.73813445461856
    93     7.54505753792789
    94     2.55206300070627
    95     1.71265645942908
    96    36.73332771293090
    97     8.34263063486520
    98     2.70583521943398
    99     1.71746031593349
   100    32.50371502457491
   101     0.00000000000000
