 FUNCION= X**5-6.15_8*(X**4)+13.76_8*(X**3)-12.544_8*(X**2)+2.4576_8*X+1.7384_8 
 PUNTO INICIAL=  -1.0
 VALOR DE m=  3
 NUMERO DE ITERACIONES=  101
 COTA DE ERROR=  1.0E-9
 
 ITERACION...APROXIMACION                

     1     0.04159486962741
     2    -3.63809694447103
     3    -0.80477709306744
     4     0.05613813704140
     5    -4.63971906840666
     6    -1.18696880044522
     7     0.00970087689623
     8    -2.37218016243792
     9    -0.34309257658440
    10    -0.12638849599881
    11    -0.69338689674162
    12     0.05058926938144
    13    -4.20772036185487
    14    -1.02107879650504
    15     0.03871035025877
    16    -3.48229801851446
    17    -0.74625453164531
    18     0.05484746706808
    19    -4.53263141488247
    20    -1.14572658088984
    21     0.01783721800859
    22    -2.61919676477757
    23    -0.42991791183976
    24    -0.04448237145038
    25    -1.35935686125577
    26    -0.02940415614832
    27    -1.56573021362213
    28    -0.08432058566497
    29    -0.96524548416220
    30     0.04587483847774
    31    -3.89179220897373
    32    -0.90070573877911
    33     0.05206385817168
    34    -4.31559835803228
    35    -1.06237812030238
    36     0.03247913424342
    37    -3.18107621620641
    38    -0.63412797325750
    39     0.04153198478563
    40    -3.63457727341901
    41    -0.80345151054328
    42     0.05614393814899
    43    -4.64021021396328
    44    -1.18715811881035
    45     0.00966229821611
    46    -2.37109694878080
    47    -0.34271709966574
    48    -0.12683861058815
    49    -0.69101203989683
    50     0.05031936727334
    51    -4.18847217262638
    52    -1.01371972217759
    53     0.03974109925802
    54    -3.53667457930220
    55    -0.76664302685997
    56     0.05567141931855
    57    -4.60049659176685
    58    -1.17185480253801
    59     0.01274523948497
    60    -2.46015503924231
    61    -0.37375063884915
    62    -0.09274135860932
    63    -0.90165412556841
    64     0.05199107269899
    65    -4.31016310030948
    66    -1.06029515691446
    67     0.03281084310556
    68    -3.19601645613716
    69    -0.63965334195602
    70     0.04259497579693
    71    -3.69484773185857
    72    -0.82617168130738
    73     0.05583899162391
    74    -4.61451319214494
    75    -1.17725486562054
    76     0.01166564004346
    77    -2.42838283307266
    78    -0.36264211561588
    79    -0.10425352425922
    80    -0.82288058746658
    81     0.05590967625019
    82    -4.62044770941121
    83    -1.17954157851499
    84     0.01120573669003
    85    -2.41504241028416
    86    -0.35798993853899
    87    -0.10929695788876
    88    -0.79101675307777
    89     0.05612320063466
    90    -4.63845490364592
    91    -1.18648151869282
    92     0.00980012352740
    93    -2.37497035241229
    94    -0.34405997950164
    95    -0.12523330382852
    96    -0.69952492483224
    97     0.05125374455484
    98    -4.25575575575292
    99    -1.03945704889860
   100     0.03602897879129
   101     0.00000000000000
