 FUNCION= X**5-6.15_8*(X**4)+13.76_8*(X**3)-12.544_8*(X**2)+2.4576_8*X+1.5384_8
 PUNTO INICIAL=  1.0
 VALOR DE m=  4
 NUMERO DE ITERACIONES=  101
 COTA DE ERROR=  1.0E-9
 
 ITERACION...APROXIMACION                

     1     1.26094276094276
     2    -0.17874846069083
     3    -0.47055203515020
     4     0.16333586093813
     5    10.50306230639518
     6     3.12681517086302
     7     1.76253393836857
     8    12.94662217916779
     9     3.60748266995435
    10     1.83394694851410
    11     5.25174684676717
    12     2.12003613949782
    13     1.91145766068196
    14     3.08887050325836
    15     1.75749636985398
    16    14.10844141328474
    17     3.83700848940374
    18     1.87118253708866
    19     3.89912629284575
    20     1.88148807974455
    21     3.64524247450230
    22     1.83997052929598
    23     4.97254998477189
    24     2.06921808311669
    25     2.01987804111153
    26     2.18740491932558
    27     1.82429960550903
    28     5.76557044401877
    29     2.21490725385153
    30     1.80034468783139
    31     7.52527366566667
    32     2.54826450448819
    33     1.71269877151493
    34    36.69284144979704
    35     8.33454662781211
    36     2.70427099451244
    37     1.71736128180649
    38    32.58392797103964
    39     7.51428003917918
    40     2.54615410132499
    41     1.71272657314462
    42    36.66627298858826
    43     8.32924164371457
    44     2.70324455663917
    45     1.71729673739980
    46    32.63635366560323
    47     7.52474342075514
    48     2.54816270939263
    49     1.71270004165222
    50    36.69162707212467
    51     8.33430415002911
    52     2.70422407758162
    53     1.71735832393346
    54    32.58632792697414
    55     7.51475903281877
    56     2.54624604632999
    57     1.71272529735597
    58    36.66749160753180
    59     8.32948496780868
    60     2.70329163535774
    61     1.71729969012048
    62    32.63395278960759
    63     7.52426424041732
    64     2.54807071807495
    65     1.71270119562254
    66    36.69052380959060
    67     8.33408385890254
    68     2.70418145361946
    69     1.71735563734426
    70    32.58850798124936
    71     7.51519413765697
    72     2.54632956711647
    73     1.71272414357160
    74    36.66859373751382
    75     8.32970503234064
    76     2.70333421386198
    77     1.71730236122990
    78    32.63178110450242
    79     7.52383080341335
    80     2.54798750883015
    81     1.71270224446637
    82    36.68952109375550
    83     8.33388364420000
    84     2.70414271429636
    85     1.71735319612772
    86    32.59048910133813
    87     7.51558953843918
    88     2.54640546684936
    89     1.71272309928730
    90    36.66959130901601
    91     8.32990421948737
    92     2.70337275303667
    93     1.71730477945838
    94    32.62981519128269
    95     7.52343843561158
    96     2.54791218421620
    97     1.71270319805445
    98    36.68860947722670
    99     8.33370161953252
   100     2.70410749459864
   101     0.00000000000000
