 FUNCION= X**5-6.15_8*(X**4)+13.76_8*(X**3)-12.544_8*(X**2)+2.4576_8*X+1.7384_8
 PUNTO INICIAL=  -1.0
 VALOR DE m=  2
 NUMERO DE ITERACIONES=  101
 COTA DE ERROR=  1.0E-9
 
 ITERACION...APROXIMACION                

     1    -0.30560342024839
     2    -0.21960136972143
     3    -0.30430300772945
     4    -0.22046800945456
     5    -0.30310360440409
     6    -0.22127637556606
     7    -0.30199276906729
     8    -0.22203285516369
     9    -0.30096010886268
    10    -0.22274288392944
    11    -0.29999686437205
    12    -0.22341112250186
    13    -0.29909559317277
    14    -0.22404159421404
    15    -0.29824992534653
    16    -0.22463779386051
    17    -0.29745437234534
    18    -0.22520277446476
    19    -0.29670417595998
    20    -0.22573921714481
    21    -0.29599518780011
    22    -0.22624948785301
    23    -0.29532377225082
    24    -0.22673568382162
    25    -0.29468672768004
    26    -0.22719967186076
    27    -0.29408122197020
    28    -0.22764312015313
    29    -0.29350473939198
    30    -0.22806752481719
    31    -0.29295503653289
    32    -0.22847423223073
    33    -0.29243010550990
    34    -0.22886445789549
    35    -0.29192814308378
    36    -0.22923930246117
    37    -0.29144752458698
    38    -0.22959976540321
    39    -0.29098678180224
    40    -0.22994675675111
    41    -0.29054458410292
    42    -0.23028110718883
    43    -0.29011972230119
    44    -0.23060357678869
    45    -0.28971109475589
    46    -0.23091486259274
    47    -0.28931769537567
    48    -0.23121560521799
    49    -0.28893860321882
    50    -0.23150639463096
    51    -0.28857297344474
    52    -0.23178777521282
    53    -0.28822002941384
    54    -0.23206025021621
    55    -0.28787905576769
    56    -0.23232428569850
    57    -0.28754939234853
    58    -0.23258031400290
    59    -0.28723042884060
    60    -0.23282873684788
    61    -0.28692160003395
    62    -0.23306992807599
    63    -0.28662238162710
    64    -0.23330423610581
    65    -0.28633228649746
    66    -0.23353198612434
    67    -0.28605086137926
    68    -0.23375348205167
    69    -0.28577768389721
    70    -0.23396900830557
    71    -0.28551235991178
    72    -0.23417883138972
    73    -0.28525452113820
    74    -0.23438320132597
    75    -0.28500382300629
    76    -0.23458235294862
    77    -0.28475994273299
    78    -0.23477650707616
    79    -0.28452257758296
    80    -0.23496587157389
    81    -0.28429144329593
    82    -0.23515064231946
    83    -0.28406627266227
    84    -0.23533100408147
    85    -0.28384681423057
    86    -0.23550713132038
    87    -0.28363283113290
    88    -0.23567918891973
    89    -0.28342410001541
    90    -0.23584733285472
    91    -0.28322041006324
    92    -0.23601171080438
    93    -0.28302156211000
    94    -0.23617246271295
    95    -0.28282736782342
    96    -0.23632972130539
    97    -0.28263764895948
    98    -0.23648361256133
    99    -0.28245223667834
   100    -0.23663425615143
   101     0.00000000000000
