 FUNCION= (X**5-6.15_8*(X**4)+13.76_8*(X**3)-12.544_8*(X**2)+2.4576_8*X+1.7384_8)/(5_8*(X**4)-24.6_8*(X**3)+41.28_8*(X**2)-25.088_8*X+2.4576_8) 
 PUNTO INICIAL= -1.0
 VALOR DE m=  2
 NUMERO DE ITERACIONES=  101
 COTA DE ERROR=  1.0E-9
 
 ITERACION...APROXIMACION                

     1    -0.30153943689447
     2    -0.19474204989283
     3    -0.29879658805621
     4    -0.19634884087876
     5    -0.29639618539158
     6    -0.19778989344627
     7    -0.29427214327919
     8    -0.19909265431161
     9    -0.29237502607898
    10    -0.20027849679363
    11    -0.29066699777318
    12    -0.20136436531434
    13    -0.28911853118344
    14    -0.20236390213510
    15    -0.28770619365116
    16    -0.20328823973907
    17    -0.28641111544846
    18    -0.20414657081686
    19    -0.28521790482289
    20    -0.20494656647175
    21    -0.28411386319617
    22    -0.20569468847506
    23    -0.28308840689964
    24    -0.20639642607174
    25    -0.28213263403153
    26    -0.20705647809052
    27    -0.28123899520279
    28    -0.20767889476526
    29    -0.28040103990911
    30    -0.20826718944754
    31    -0.27961321879405
    32    -0.20882442752191
    33    -0.27887072778840
    34    -0.20935329785176
    35    -0.27816938402034
    36    -0.20985617069171
    37    -0.27750552610711
    38    -0.21033514500933
    39    -0.27687593335548
    40    -0.21079208744175
    41    -0.27627775977002
    42    -0.21122866458827
    43    -0.27570847976221
    44    -0.21164636995135
    45    -0.27516584318274
    46    -0.21204654654790
    47    -0.27464783784050
    48    -0.21243040599345
    49    -0.27415265807729
    50    -0.21279904469406
    51    -0.27367867827391
    52    -0.21315345765223
    53    -0.27322443039784
    54    -0.21349455029318
    55    -0.27278858488303
    56    -0.21382314863973
    57    -0.27236993427234
    58    -0.21414000810256
    59    -0.27196737916261
    60    -0.21444582110407
    61    -0.27157991607870
    62    -0.21474122371511
    63    -0.27120662697102
    64    -0.21502680145262
    65    -0.27084667008563
    66    -0.21530309436128
    67    -0.27049927199974
    68    -0.21557060148179
    69    -0.27016372065079
    70    -0.21582978479152
    71    -0.26983935921561
    72    -0.21608107269005
    73    -0.26952558071998
    74    -0.21632486309058
    75    -0.26922182327758
    76    -0.21656152616897
    77    -0.26892756587332
    78    -0.21679140681453
    79    -0.26864232461894
    80    -0.21701482682015
    81    -0.26836564941959
    82    -0.21723208684403
    83    -0.26809712099915
    84    -0.21744346817078
    85    -0.26783634823944
    86    -0.21764923429561
    87    -0.26758296579502
    88    -0.21784963235254
    89    -0.26733663195036
    90    -0.21804489440431
    91    -0.26709702669083
    92    -0.21823523860965
    93    -0.26686384996277
    94    -0.21842087028160
    95    -0.26663682010104
    96    -0.21860198284855
    97    -0.26641567240543
    98    -0.21877875872860
    99    -0.26620015784948
   100    -0.21895137012622
   101     0.00000000000000
