 FUNCION= (X**5-6.15_8*(X**4)+13.76_8*(X**3)-12.544_8*(X**2)+2.4576_8*X+1.7384_8)/(5_8*(X**4)-24.6_8*(X**3)+41.28_8*(X**2)-25.088_8*X+2.4576_8) 
 PUNTO INICIAL= 1.0
 VALOR DE m=  4
 NUMERO DE ITERACIONES=  101
 COTA DE ERROR=  1.0E-9
 
 ITERACION...APROXIMACION                

     1     2.10269360269360
     2     1.30785861968565
     3     4.31550303403586
     4     1.95056490920381
     5     0.59904977079851
     6     2.18480906799309
     7     1.43940968269048
     8    16.24428591277136
     9     4.26002455784514
    10     1.94079404075732
    11     0.50267992201605
    12     2.38752212533741
    13     1.58246668571135
    14 10150.33596055267299
    15  2031.05123527020896
    16   407.19446275804580
    17    82.42396871835228
    18    17.47411644991784
    19     4.50406571599037
    20     1.98399358856202
    21     0.85781322234437
    22     2.01453581252016
    23     1.02535040619509
    24     2.13860370895289
    25     1.37509435744355
    26     7.21095628638020
    27     2.48790749219547
    28     1.61832486133729
    29 -8675.24636664964783
    30 -1734.06532382693240
    31  -345.82931737967988
    32   -68.18312978860052
    33   -12.65903972289856
    34    -1.58209124002172
    35     0.40874553399270
    36     2.74682600272188
    37     1.67994542601522
    38   -98.76820862488593
    39   -18.77407177872387
    40    -2.79400096498264
    41     0.27453994085787
    42     4.09594945666629
    43     1.91207835616884
    44     0.14213900640200
    45    21.96635516432051
    46     5.39732337233691
    47     2.14619960381797
    48     1.38714752841235
    49     8.15391531679625
    50     2.66927652099012
    51     1.66403149268309
    52  -195.75665965575689
    53   -38.16956844065271
    54    -6.66135495763801
    55    -0.41289257344225
    56     0.06093486480687
    57    -6.79223439920809
    58    -0.43784394139247
    59     0.09417608017240
    60   -16.86857005499984
    61    -2.41550150801623
    62     0.32763394491048
    63     3.34644275615079
    64     1.78441174771449
    65    -6.06005414565173
    66    -0.29892574010137
    67    -0.14939622220167
    68    -0.72750109845738
    69     0.31410537494561
    70     3.49757633761360
    71     1.80975127261704
    72    -3.52521822284208
    73     0.15861397785756
    74    13.05267547284962
    75     3.62840486458376
    76     1.83181461126658
    77    -2.14527238551011
    78     0.36088374387346
    79     3.04937402014267
    80     1.73445249862504
    81   -18.78498400740744
    82    -2.79617002627189
    83     0.27421866854380
    84     4.10209180113782
    85     1.91314835746804
    86     0.15807879361234
    87    13.22096274741902
    88     3.66162742237756
    89     1.83744218795128
    90    -1.87307367371961
    91     0.38862592735805
    92     2.86007884513955
    93     1.70130174355475
    94   -47.06457036046712
    95    -8.43819847779640
    96    -0.75483728011317
    97     0.32527363003470
    98     3.37133247723729
    99     1.78857790780476
   100    -5.54516156895336
   101     0.00000000000000
