 FUNCION= X**5-6.15_8*(X**4)+13.76_8*(X**3)-12.544_8*(X**2)+2.4576_8*X+1.5384_8
 PUNTO INICIAL=  1.0
 VALOR DE m=  3
 NUMERO DE ITERACIONES=  101
 COTA DE ERROR=  1.0E-9
 
 ITERACION...APROXIMACION                

     1     1.19570707070707
     2     0.67766794477733
     3     1.46111092558916
     4   -15.13125072447072
     5    -5.33604260100178
     6    -1.45660355526554
     7    -0.05170613466703
     8    -1.11863689340993
     9     0.02769666456780
    10    -2.64325523965453
    11    -0.43792112982367
    12    -0.01336267536983
    13    -1.62387047979318
    14    -0.09892983618531
    15    -0.74643854283084
    16     0.06557733661916
    17    -4.96779360525099
    18    -1.31365390754373
    19    -0.01494624169064
    20    -1.59716171522158
    21    -0.09113451421359
    22    -0.79586141453473
    23     0.06567481424337
    24    -4.97798152003378
    25    -1.31760029513453
    26    -0.01590716127640
    27    -1.58126468109172
    28    -0.08653736955440
    29    -0.82685960563180
    30     0.06468980355737
    31    -4.87669033326585
    32    -1.27838746038964
    33    -0.00651213884162
    34    -1.74728343852625
    35    -0.13601275424429
    36    -0.55498352079184
    37     0.03812146836873
    38    -3.06719825155257
    39    -0.59178153537772
    40     0.04769102473710
    41    -3.56492568721401
    42    -0.77701536210656
    43     0.06589280156033
    44    -5.00089784397942
    45    -1.32647902371276
    46    -0.01808126059550
    47    -1.54613207307229
    48    -0.07649567440190
    49    -0.89989376854388
    50     0.05965687198252
    51    -4.41093521945942
    52    -1.09882794544951
    53     0.03140265206965
    54    -2.78243482736650
    55    -0.48792983125322
    56     0.01321397295078
    57    -2.19289024094819
    58    -0.28073669531426
    59    -0.17167814601388
    60    -0.42012762482346
    61    -0.02487704790880
    62    -1.44326868117731
    63    -0.04812072766705
    64    -1.15583897754194
    65     0.02038670051096
    66    -2.39937958721369
    67    -0.35179260575607
    68    -0.08202067877247
    69    -0.85876539158297
    70     0.06292966150345
    71    -4.70442700434159
    72    -1.21182459340023
    73     0.00859747603267
    74    -2.07423209100312
    75    -0.24087959485121
    76    -0.24214304915797
    77    -0.23961964436059
    78    -0.24468049916070
    79    -0.23461473172797
    80    -0.25497195852838
    81    -0.21514510874963
    82    -0.29847416510835
    83    -0.14557366355899
    84    -0.51492354259059
    85     0.02454050003632
    86    -2.53332732730929
    87    -0.39884012768204
    88    -0.04031420480086
    89    -1.24280052292897
    90     0.00170438558021
    91    -1.91454129026640
    92    -0.18862813639680
    93    -0.36805869394928
    94    -0.06629377159311
    95    -0.98256929851154
    96     0.05013669520852
    97    -3.71415700264256
    98    -0.83325141802784
    99     0.06439546802015
   100    -4.84712186249064
   101     0.00000000000000
