 FUNCION= X**5-6.15_8*(X**4)+13.76_8*(X**3)-12.544_8*(X**2)+2.4576_8*X+1.7384_8
 PUNTO INICIAL=  -1.0
 VALOR DE m=  5
 NUMERO DE ITERACIONES=  101
 COTA DE ERROR=  1.0E-9
 
 ITERACION...APROXIMACION                

     1     0.73599144937902
     2     2.37066641205859
     3     1.37623469864630
     4     8.77069157713025
     5     1.29326994531516
     6     4.65020312061898
     7     1.35009973184606
     8     6.88422895466961
     9     1.31085507988357
    10     5.16355426593901
    11     1.33813608558798
    12     6.25123401008329
    13     1.31915109213792
    14     5.45116135015108
    15     1.33238843119522
    16     5.98538602742405
    17     1.32315913612827
    18     5.60243069103414
    19     1.32959822125990
    20     5.86419427202460
    21     1.32510651504475
    22     5.67907257797287
    23     1.32824059844144
    24     5.80697587464758
    25     1.32605403099740
    26     5.71713805131670
    27     1.32757970987249
    28     5.77952459482173
    29     1.32651523023227
    30     5.73585341924647
    31     1.32725796431525
    32     5.76625434093246
    33     1.32673974223223
    34     5.74500885264795
    35     1.32710132581573
    36     5.75981599828977
    37     1.32684903887291
    38     5.74947655246937
    39     1.32702506848604
    40     5.75668680926936
    41     1.32690224727337
    42     5.75165407611846
    43     1.32698794383313
    44     5.75516465172738
    45     1.32692815063664
    46     5.75271475760858
    47     1.32696987034833
    48     5.75442390920102
    49     1.32694076116421
    50     5.75323127142262
    51     1.32696107160382
    52     5.75406336173649
    53     1.32694690035159
    54     5.75348275980444
    55     1.32695678809989
    56     5.75388785241261
    57     1.32694988909603
    58     5.75360520005929
    59     1.32695470275707
    60     5.75380241292020
    61     1.32695134410874
    62     5.75366480963967
    63     1.32695368754758
    64     5.75376081925258
    65     1.32695205245379
    66     5.75369382987107
    67     1.32695319331219
    68     5.75374057038726
    69     1.32695239729803
    70     5.75370795792168
    71     1.32695295270313
    72     5.75373071266596
    73     1.32695256517884
    74     5.75371483591805
    75     1.32695283556720
    76     5.75372591363524
    77     1.32695264690839
    78     5.75371818434544
    79     1.32695277854181
    80     5.75372357732110
    81     1.32695268669688
    82     5.75371981446489
    83     1.32695275078009
    84     5.75372243993209
    85     1.32695270606714
    86     5.75372060805744
    87     1.32695273726483
    88     5.75372188621609
    89     1.32695271549718
    90     5.75372099440266
    91     1.32695273068518
    92     5.75372161665000
    93     1.32695272008802
    94     5.75372118248797
    95     1.32695272748200
    96     5.75372148541662
    97     1.32695272232298
    98     5.75372127405378
    99     1.32695272592259
   100     5.75372142152859
   101     0.00000000000000
