 FUNCION= (X**5-6.15_8*(X**4)+13.76_8*(X**3)-12.544_8*(X**2)+2.4576_8*X+1.7384_8)/(5_8*(X**4)-24.6_8*(X**3)+41.28_8*(X**2)-25.088_8*X+2.4576_8) 
 PUNTO INICIAL= 1.0
 VALOR DE m=  3
 NUMERO DE ITERACIONES=  101
 COTA DE ERROR=  1.0E-9
 
 ITERACION...APROXIMACION                

     1     1.82702020202020
     2    -1.34284858506139
     3    -0.02535165163619
     4    -1.62872640388433
     5    -0.10239524904138
     6    -0.83500980899544
     7     0.05560620237503
     8    -4.59506133928191
     9    -1.16976113780436
    10     0.01316135168932
    11    -2.47257504435237
    12    -0.37810378118248
    13    -0.08842575916374
    14    -0.93356621443449
    15     0.04921660105017
    16    -4.11136243265488
    17    -0.98426983396646
    18     0.04360789185481
    19    -3.75385174344991
    20    -0.84845643492024
    21     0.05513511561348
    22    -4.55612677259639
    23    -1.15476898544437
    24     0.01610012880871
    25    -2.56316454656470
    26    -0.41002814991762
    27    -0.05984232219366
    28    -1.18582626972330
    29     0.00993346693194
    30    -2.37872717334504
    31    -0.34536305670063
    32    -0.12368749454761
    33    -0.70783676304128
    34     0.05207899634712
    35    -4.31673027380312
    36    -1.06281193455399
    37     0.03240982524424
    38    -3.17796895485746
    39    -0.63297932610727
    40     0.04130490706890
    41    -3.62191490781075
    42    -0.79868388120181
    43     0.05615215008168
    44    -4.64090562324474
    45    -1.18742617577874
    46     0.00960765583840
    47    -2.36956401369918
    48    -0.34218582129938
    49    -0.12747717697193
    50    -0.68765890028372
    51     0.04992593274124
    52    -4.16068145606615
    53    -1.00310003591024
    54     0.04118385384400
    55    -3.61519475742233
    56    -0.79615443462860
    57     0.05614839168339
    58    -4.64058732931887
    59    -1.18730348377189
    60     0.00963266883539
    61    -2.37026553601086
    62    -0.34242893943274
    63    -0.12718471813803
    64    -0.68919229053472
    65     0.05010765398862
    66    -4.17347842811553
    67    -1.00798935085233
    68     0.04052624309252
    69    -3.57904865689767
    70    -0.78255906547556
    71     0.05602955831089
    72    -4.63054287014947
    73    -1.18343198910205
    74     0.01041959115030
    75    -2.39250187285461
    76    -0.35014604121429
    77    -0.11811256797615
    78    -0.73878031193288
    79     0.05443739868823
    80    -4.49949508397499
    81    -1.13297992662806
    82     0.02023931640485
    83    -2.69993812454351
    84    -0.45875606860420
    85    -0.02508341045570
    86    -1.63302384307947
    87    -0.10364708589902
    88    -0.82681529610148
    89     0.05582414445111
    90    -4.61326832802831
    91    -1.17677521718174
    92     0.01176190114102
    93    -2.43118964300918
    94    -0.36362184534683
    95    -0.10320847140066
    96    -0.82967532272255
    97     0.05575414591661
    98    -4.60740707883141
    99    -1.17451699690279
   100     0.01221414315718
   101     0.00000000000000
